4.648773983084198087e+06
4.647781702476094477e+06
4.647781702476094477e+06
4.647781702476094477e+06
4.647781702476094477e+06
4.646381622091177851e+06
4.646381622091177851e+06
4.646381622091177851e+06
4.646381622091177851e+06
4.646381622091177851e+06
4.646381622091177851e+06
4.646381622091177851e+06
4.646381622091177851e+06
4.646381622091177851e+06
4.646381622091177851e+06
4.646381622091177851e+06
4.646381622091177851e+06
4.646381622091177851e+06
4.646381622091177851e+06
4.646380896923862398e+06
4.646380896923862398e+06
4.646380896923862398e+06
4.646380896923862398e+06
4.646380896923862398e+06
4.646380896923862398e+06
4.646380480371661484e+06
4.646379633085446432e+06
4.646379633085446432e+06
4.646379633085446432e+06
4.646379633085446432e+06
4.646379633085446432e+06
4.646379633085446432e+06
4.646379633085446432e+06
4.646379633085446432e+06
4.646379633085446432e+06
4.646379591410422698e+06
4.646379591410422698e+06
4.646379591410422698e+06
4.646379591410422698e+06
4.646379591410422698e+06
4.646379591410422698e+06
4.646379591410422698e+06
4.646379591410422698e+06
4.646379591410422698e+06
4.646379591410422698e+06
4.646379590071955696e+06
4.646379554758475162e+06
4.646379554758475162e+06
4.646379554334467277e+06
4.646379552913515829e+06
4.646379552913515829e+06
4.646379552913515829e+06
4.646379552913515829e+06
4.646379552913515829e+06
4.646379552913515829e+06
4.646379551668891683e+06
4.646379550190603361e+06
4.646379548943981528e+06
4.646379507070302963e+06
4.646379507070302963e+06
4.646379393877059221e+06
4.646379393877059221e+06
4.646379393877059221e+06
4.646379393877059221e+06
4.646379388282723725e+06
4.646379388282723725e+06
4.646379388282723725e+06
4.646379379517057911e+06
4.646379379517057911e+06
4.646379379517057911e+06
4.646379375314218923e+06
4.646379375314218923e+06
4.646379375314218923e+06
4.646379355467859656e+06
4.646379355110498145e+06
4.646379354825798422e+06
4.646379350441071205e+06
4.646379309305855073e+06
4.646379306924423203e+06
4.646379306924423203e+06
4.646379306924423203e+06
4.646379306924423203e+06
4.646379306656047702e+06
4.646379306536464952e+06
4.646379306536464952e+06
4.646379306086432189e+06
4.646379306086432189e+06
4.646379306086432189e+06
4.646379305751530454e+06
4.646379305567760952e+06
4.646379305107988417e+06
4.646379304922582582e+06
4.646379304769618437e+06
4.646379304643294774e+06
4.646379304538885131e+06
4.646379304452527314e+06
4.646379304377647117e+06
4.646379304056198336e+06
4.646379303785111755e+06
4.646379303560864180e+06
4.646379303375257179e+06
4.646379303375257179e+06
4.646379303375257179e+06
4.646379303329909220e+06
4.646379303329909220e+06
4.646379303329909220e+06
4.646379303329909220e+06
4.646379303124843165e+06
4.646379303124843165e+06
4.646379303124843165e+06
4.646379303007747978e+06
4.646379303007747978e+06
4.646379302989254706e+06
4.646379302942170762e+06
4.646379302903439850e+06
4.646379302903439850e+06
4.646379302875202149e+06
4.646379302840319462e+06
4.646379302784626372e+06
4.646379302714234218e+06
4.646379302653938532e+06
4.646379302603947930e+06
4.646379302555685863e+06
4.646379302464671433e+06
4.646379302464671433e+06
4.646379302443159744e+06
4.646379302387082018e+06
4.646379302321212366e+06
4.646379302266597748e+06
4.646379302219748497e+06
4.646379302190385759e+06
4.646379302165931091e+06
4.646379302104043774e+06
4.646379302052719519e+06
4.646379302010149695e+06
4.646379302010149695e+06
4.646379301990000531e+06
4.646379301957580261e+06
4.646379301926234737e+06
4.646379301895398647e+06
4.646379301864624023e+06
4.646379301837619394e+06
4.646379301815215498e+06
4.646379301779773086e+06
4.646379301743198186e+06
4.646379301712868735e+06
4.646379301687714644e+06
4.646379301666849293e+06
4.646379301649540663e+06
4.646379301635179669e+06
4.646379301615048200e+06
4.646379301583899185e+06
4.646379301569014788e+06
4.646379301537035964e+06
4.646379301533494145e+06
4.646379301514739171e+06
4.646379301491508260e+06
4.646379301471751183e+06
4.646379301455356181e+06
4.646379301449503750e+06
4.646379301435224712e+06
4.646379301423376426e+06
4.646379301412386820e+06
4.646379301401407458e+06
4.646379301399590448e+06
4.646379301390412264e+06
4.646379301386691630e+06
4.646379301378779113e+06
4.646379301372211426e+06
4.646379301366761327e+06
4.646379301362238824e+06
4.646379301331755705e+06
4.646379301331755705e+06
4.646379301331755705e+06
4.646379301329453476e+06
4.646379301319682971e+06
4.646379301311634481e+06
4.646379301304994151e+06
4.646379301299511455e+06
4.646379301293816417e+06
4.646379301288573071e+06
4.646379301288573071e+06
4.646379301288573071e+06
4.646379301288573071e+06
4.646379301288573071e+06
4.646379301288573071e+06
4.646379301288573071e+06
4.646379301273385063e+06
4.646379301273385063e+06
4.646379301271497272e+06
4.646379301252864301e+06
4.646379301252864301e+06
4.646379301252864301e+06
4.646379301252864301e+06
4.646379301252864301e+06
4.646379301246978343e+06
4.646379301241872832e+06
4.646379301237648353e+06
4.646379301234150305e+06
4.646379301231252961e+06
4.646379301228650846e+06
4.646379301225373521e+06
4.646379301220046356e+06
4.646379301215091720e+06
4.646379301210984588e+06
4.646379301207577810e+06
4.646379301201911643e+06
4.646379301201347262e+06
4.646379301198393106e+06
4.646379301195916720e+06
4.646379301192792132e+06
4.646379301190199330e+06
4.646379301188047975e+06
4.646379301185660064e+06
4.646379301182880998e+06
4.646379301180575043e+06
4.646379301178662106e+06
4.646379301177073270e+06
4.646379301175235771e+06
4.646379301173151471e+06
4.646379301171270199e+06
4.646379301169709302e+06
4.646379301168413833e+06
4.646379301167339087e+06
4.646379301166447811e+06
4.646379301165169105e+06
4.646379301163741387e+06
4.646379301162540913e+06
4.646379301161545329e+06
4.646379301160719246e+06
4.646379301159840077e+06
4.646379301158878952e+06
4.646379301157948561e+06
4.646379301157175563e+06
4.646379301156533882e+06
4.646379301156003028e+06
4.646379301155559719e+06
4.646379301154671237e+06
4.646379301153935492e+06
4.646379301153323613e+06
4.646379301152816042e+06
4.646379301152395085e+06
4.646379301151905209e+06
4.646379301151375286e+06
4.646379301150934771e+06
4.646379301150569692e+06
4.646379301150266081e+06
4.646379301149943843e+06
4.646379301149508916e+06
4.646379301149142906e+06
4.646379301148786210e+06
4.646379301148466766e+06
4.646379301148116589e+06
4.646379301147822291e+06
4.646379301147578284e+06
4.646379301147224382e+06
4.646379301146825776e+06
4.646379301146494225e+06
4.646379301146218553e+06
4.646379301145991310e+06
4.646379301145801321e+06
4.646379301145643927e+06
4.646379301145490259e+06
4.646379301145270467e+06
4.646379301145005971e+06
4.646379301144786179e+06
4.646379301144604571e+06
4.646379301144453697e+06
4.646379301144286990e+06
4.646379301144126803e+06
4.646379301143992692e+06
4.646379301143882796e+06
4.646379301143765450e+06
4.646379301143666729e+06
4.646379301143585704e+06
4.646379301143484190e+06
4.646379301143394783e+06
4.646379301143318415e+06
4.646379301143248565e+06
4.646379301143185236e+06
4.646379301143109798e+06
4.646379301143047400e+06
4.646379301142996177e+06
4.646379301142952405e+06
4.646379301142912358e+06
4.646379301142870449e+06
4.646379301142826676e+06
4.646379301142790355e+06
4.646379301142759621e+06
4.646379301142720506e+06
4.646379301142684184e+06
4.646379301142651588e+06
4.646379301142609678e+06
4.646379301142575219e+06
4.646379301142545417e+06
4.646379301142521203e+06
4.646379301142501645e+06
4.646379301142484881e+06
4.646379301142470911e+06
4.646379301142447628e+06
4.646379301142420620e+06
4.646379301142396405e+06
4.646379301142375916e+06
4.646379301142357290e+06
4.646379301142344251e+06
4.646379301142331213e+06
4.646379301142318174e+06
4.646379301142305136e+06
4.646379301142293960e+06
4.646379301142277196e+06
4.646379301142260432e+06
4.646379301142247394e+06
4.646379301142236218e+06
4.646379301142226905e+06
4.646379301142219454e+06
4.646379301142212935e+06
4.646379301142206416e+06
4.646379301142197102e+06
4.646379301142189652e+06
4.646379301142182201e+06
4.646379301142175682e+06
4.646379301142169163e+06
4.646379301142162643e+06
4.646379301142157987e+06
4.646379301142154261e+06
4.646379301142148674e+06
4.646379301142143086e+06
4.646379301142138429e+06
4.646379301142133772e+06
4.646379301142130047e+06
4.646379301142126322e+06
4.646379301142122597e+06
4.646379301142120734e+06
4.646379301142117940e+06
4.646379301142115146e+06
4.646379301142111421e+06
4.646379301142107695e+06
4.646379301142105833e+06
4.646379301142103039e+06
4.646379301142100245e+06
4.646379301142098382e+06
4.646379301142096519e+06
4.646379301142095588e+06
4.646379301142093726e+06
4.646379301142092794e+06
4.646379301142090932e+06
4.646379301142089069e+06
4.646379301142088138e+06
4.646379301142087206e+06
4.646379301142085344e+06
4.646379301142085344e+06
4.646379301142083481e+06
4.646379301142083481e+06
4.646379301142082550e+06
4.646379301142081618e+06
4.646379301142080687e+06
4.646379301142079756e+06
4.646379301142079756e+06
4.646379301142078824e+06
4.646379301142077893e+06
4.646379301142077893e+06
4.646379301142077893e+06
4.646379301142077893e+06
4.646379301142076962e+06
4.646379301142076030e+06
4.646379301142076030e+06
4.646379301142076030e+06
4.646379301142076030e+06
4.646379301142076030e+06
4.646379301142076030e+06
4.646379301142076030e+06
4.646379301142076030e+06
4.646379301142076030e+06
4.646379301142076030e+06
4.646379301142076030e+06
4.646379301142076030e+06
4.646379301142076030e+06
4.646379301142076030e+06
4.646379301142076030e+06
4.646379301142076030e+06
4.646379301142076030e+06
4.646379301142076030e+06
4.646379301142076030e+06
4.646379301142076030e+06
4.646379301142076030e+06
4.646379301142076030e+06
4.646379301142076030e+06
4.646379301142076030e+06
4.646379301142076030e+06
4.646379301142076030e+06
4.646379301142076030e+06
4.646379301142076030e+06
4.646379301142076030e+06
4.646379301142076030e+06
4.646379301142076030e+06
4.646379301142076030e+06
4.646379301142076030e+06
4.646379301142076030e+06
4.646379301142076030e+06
4.646379301142076030e+06
4.646379301142076030e+06
4.646379301142076030e+06
4.646379301142076030e+06
4.646379301142076030e+06
4.646379301142076030e+06
4.646379301142076030e+06
4.646379301142076030e+06
4.646379301142076030e+06
4.646379301142076030e+06
4.646379301142076030e+06
4.646379301142076030e+06
4.646379301142076030e+06
4.646379301142076030e+06
4.646379301142076030e+06
4.646379301142076030e+06
4.646379301142076030e+06
4.646379301142076030e+06
4.646379301142076030e+06
4.646379301033627242e+06
4.646379301033627242e+06
4.646379301033627242e+06
4.646379301033627242e+06
4.646379301033627242e+06
4.646379301025263034e+06
4.646379301006024703e+06
4.646379300990098156e+06
4.646379300976907834e+06
4.646379300964907743e+06
4.646379300948994234e+06
4.646379300941792317e+06
4.646379300929524004e+06
4.646379300912563689e+06
4.646379300910187885e+06
4.646379300908138976e+06
4.646379300908138976e+06
4.646379300908138976e+06
4.646379300908138976e+06
4.646379300908138976e+06
4.646379300908138976e+06
4.646379300908138976e+06
4.646379300908138976e+06
4.646379300908138976e+06
4.646379300908138976e+06
4.646379300907753408e+06
4.646379300907689147e+06
4.646379300907689147e+06
4.646379300907689147e+06
4.646379300907689147e+06
4.646379300907689147e+06
4.646379300907689147e+06
4.646379300907689147e+06
4.646379300907689147e+06
4.646379300907687284e+06
4.646379300907684490e+06
4.646379300907684490e+06
4.646379300907684490e+06
4.646379300907684490e+06
4.646379300907684490e+06
4.646379300907684490e+06
4.646379300907684490e+06
4.646379300907684490e+06
4.646379300907684490e+06
4.646379300907684490e+06
4.646379300907684490e+06
4.646379300907684490e+06
4.646379300907684490e+06
4.646379300907684490e+06
4.646379300907684490e+06
4.646379300907684490e+06
4.646379300907684490e+06
4.646379300907684490e+06
4.646379300907684490e+06
4.646379300907684490e+06
4.646379300907684490e+06
4.646379300907684490e+06
4.646379300907684490e+06
4.646379300907684490e+06
4.646379300907684490e+06
4.646379300907684490e+06
4.646379300907684490e+06
4.646379300907684490e+06
4.646379300907684490e+06
4.646379300907684490e+06
4.646379300907684490e+06
4.646379300907684490e+06
4.646379300907684490e+06
4.646379300907684490e+06
4.646379300907684490e+06
4.646379300907684490e+06
4.646379300907680765e+06
4.646379300907680765e+06
4.646379300907678902e+06
4.646379300907678902e+06
4.646379300907678902e+06
4.646379300907678902e+06
4.646379300907678902e+06
4.646379300907678902e+06
4.646379300907678902e+06
4.646379300907678902e+06
4.646379300907678902e+06
