4.651790761443946511e+06
4.651790761443946511e+06
4.651790761443946511e+06
4.651790761443946511e+06
4.651790761443946511e+06
4.650550544650217518e+06
4.650550544650217518e+06
4.650550544650217518e+06
4.650549236702890135e+06
4.650549236702890135e+06
4.649151149060675874e+06
4.649151149060675874e+06
4.649151149060675874e+06
4.649151149060675874e+06
4.649151149060675874e+06
4.649151149060675874e+06
4.649150945050816983e+06
4.649150945050816983e+06
4.649150945050816983e+06
4.649150945050816983e+06
4.649150945050816983e+06
4.649150945050816983e+06
4.649150945050816983e+06
4.649150945050816983e+06
4.649150945050816983e+06
4.649150945050816983e+06
4.649150505713121966e+06
4.649150505713121966e+06
4.649150505713121966e+06
4.649150505713121966e+06
4.649150305960036814e+06
4.649150305960036814e+06
4.649150305960036814e+06
4.649150305960036814e+06
4.649150305960036814e+06
4.647751468290539458e+06
4.647751468290539458e+06
4.647751468290539458e+06
4.647751468290539458e+06
4.647751468290539458e+06
4.647751468290539458e+06
4.647751468290539458e+06
4.647751468290539458e+06
4.647751080267934129e+06
4.647751080267934129e+06
4.647751080267934129e+06
4.647751080267934129e+06
4.647751064599541947e+06
4.647751064599541947e+06
4.647751060811607167e+06
4.647751060811607167e+06
4.647751060811607167e+06
4.647751060811607167e+06
4.647750984047818929e+06
4.647750984047818929e+06
4.647750984047818929e+06
4.647750984047818929e+06
4.647750984047818929e+06
4.647750984047818929e+06
4.647750914276806638e+06
4.647750863474383950e+06
4.647750860559806228e+06
4.647750859502991661e+06
4.647750833273479715e+06
4.647750833273479715e+06
4.647750833273479715e+06
4.647750833273479715e+06
4.647750833273479715e+06
4.647750833273479715e+06
4.647750833273479715e+06
4.647750833273479715e+06
4.647750833273479715e+06
4.647750832280359231e+06
4.647750831907553598e+06
4.647750827208293602e+06
4.647750827208293602e+06
4.647750827208293602e+06
4.647750827208293602e+06
4.647750823872688226e+06
4.647750823872688226e+06
4.647750823872688226e+06
4.647750823872688226e+06
4.647750823872688226e+06
4.647750823322634213e+06
4.647750822696304880e+06
4.647750822181663476e+06
4.647750821758083068e+06
4.647750821408964694e+06
4.647750820840651169e+06
4.647750820309588686e+06
4.647750819871643558e+06
4.647750819453867152e+06
4.647750818660523742e+06
4.647750817726120353e+06
4.647750816942892969e+06
4.647750816296320409e+06
4.647750815762896091e+06
4.647750815317042172e+06
4.647750814947779290e+06
4.647750814947779290e+06
4.647750814540556632e+06
4.647750814033733681e+06
4.647750813801752403e+06
4.647750813797744922e+06
4.647750813797744922e+06
4.647750813797744922e+06
4.647750813797744922e+06
4.647750813545395620e+06
4.647750813389160670e+06
4.647750813389160670e+06
4.647750813389160670e+06
4.647750813283561729e+06
4.647750813283561729e+06
4.647750813283561729e+06
4.647750813204833306e+06
4.647750813204833306e+06
4.647750813204833306e+06
4.647750813204833306e+06
4.647750813204833306e+06
4.647750813204833306e+06
4.647750813204833306e+06
4.647750813204833306e+06
4.647750813204833306e+06
4.647750813204833306e+06
4.647750813204833306e+06
4.647750813204833306e+06
4.647750813202168792e+06
4.647750813196350820e+06
4.647750813196350820e+06
4.647750813185449690e+06
4.647750813185449690e+06
4.647750813185449690e+06
4.647750771468919702e+06
4.647750768477020785e+06
4.647750768477020785e+06
4.647750768477020785e+06
4.647750768477020785e+06
4.647750768323344178e+06
4.647750767762959003e+06
4.647750762370290235e+06
4.647750762370290235e+06
4.647750762370290235e+06
4.647750762370290235e+06
4.647750762370290235e+06
4.647750761710489169e+06
4.647750760369099677e+06
4.647750759727556258e+06
4.647750759568648413e+06
4.647750759568648413e+06
4.647750759568648413e+06
4.647750759453096427e+06
4.647750759453096427e+06
4.647750759453096427e+06
4.647750759453096427e+06
4.647750759423885494e+06
4.647750759423885494e+06
4.647750759423885494e+06
4.647750759423885494e+06
4.647750759423885494e+06
4.647750759423885494e+06
4.647750759423885494e+06
4.647750759423885494e+06
4.647750759423885494e+06
4.647750759423885494e+06
4.647750759411426261e+06
4.647750759411426261e+06
4.647750759411426261e+06
4.647750759411426261e+06
4.647750759411426261e+06
4.647750759411426261e+06
4.647750759411426261e+06
4.647750759411426261e+06
4.647750759411426261e+06
4.647750759410224855e+06
4.647750759410224855e+06
4.647750759408604354e+06
4.647750759408604354e+06
4.647750759408604354e+06
4.647750759407102130e+06
4.647750759407102130e+06
4.647750759407102130e+06
4.647750759407102130e+06
4.647750759407102130e+06
4.647750759407102130e+06
4.647750759407102130e+06
4.647750759407102130e+06
4.647750759407102130e+06
4.647750759407102130e+06
4.647750759407102130e+06
4.647750759407102130e+06
4.647750759407102130e+06
4.647750759407102130e+06
4.647750759407102130e+06
4.647750759406941012e+06
4.647750759406941012e+06
4.647750759406941012e+06
4.647750759406811558e+06
4.647750759406811558e+06
4.647750759406811558e+06
4.647750759406811558e+06
4.647750759406811558e+06
4.647750759406811558e+06
4.647750759406811558e+06
4.647750759406811558e+06
4.647750759406698868e+06
4.647750759406698868e+06
4.647750759406698868e+06
4.647750759406698868e+06
4.647750759406698868e+06
4.647750759406698868e+06
4.647750759406637400e+06
4.647750759406637400e+06
4.647750759406637400e+06
4.647750759406637400e+06
4.647750759406626225e+06
4.647750759406626225e+06
4.647750759406626225e+06
4.647750759406626225e+06
4.647750759406626225e+06
4.647750759406626225e+06
4.647750759406626225e+06
4.647750759406626225e+06
4.647750759406626225e+06
4.647750759406626225e+06
4.647750759406626225e+06
4.647750759406626225e+06
4.647750759406626225e+06
4.647750759406626225e+06
4.647750759406626225e+06
4.647750759406626225e+06
4.647750759406626225e+06
4.647750759406626225e+06
4.647750759406620637e+06
4.647750759406620637e+06
4.647750759406620637e+06
4.647750759406620637e+06
4.647750759406620637e+06
4.647750759406620637e+06
4.647750759406620637e+06
4.647750759406616911e+06
4.647750759406616911e+06
4.647750759406616911e+06
4.647750759406616911e+06
4.647750759406616911e+06
4.647750759406616911e+06
4.647750759406616911e+06
4.647750759406616911e+06
4.647750759406616911e+06
4.647750759406615980e+06
4.647750759406615980e+06
4.647750759406615980e+06
4.647750759406615980e+06
4.647750759406615980e+06
4.647750759406615980e+06
4.647750759406615980e+06
4.647750759406615980e+06
4.647750759406615049e+06
4.647750759406615049e+06
4.647750759406615049e+06
4.647750759406615049e+06
4.647750759406615049e+06
4.647750759406615049e+06
4.647750759406615049e+06
4.647750759406615049e+06
4.647750759406615049e+06
4.647750759406615049e+06
4.647750759406615049e+06
4.647750759406615049e+06
4.647750759406615049e+06
4.647750759406615049e+06
4.647750759406614117e+06
4.647750759406614117e+06
4.647750759406614117e+06
4.647750759406614117e+06
4.647750759406614117e+06
4.647750759406614117e+06
4.647750759406614117e+06
4.647750759406614117e+06
4.647750759406614117e+06
4.647750759406614117e+06
4.647750759406614117e+06
4.647750759406614117e+06
4.647750759406614117e+06
4.647750759406614117e+06
4.647750759406614117e+06
4.647750759406614117e+06
4.647750759406614117e+06
4.647750759406614117e+06
4.647750759406614117e+06
4.647750759406614117e+06
4.647750759406614117e+06
4.647750759406614117e+06
4.647750759406614117e+06
4.647750759406614117e+06
4.647750759406614117e+06
4.647750759406614117e+06
4.647750759406614117e+06
4.647750759406614117e+06
4.647750759406614117e+06
4.647750759406614117e+06
4.647750759406614117e+06
4.647750759406614117e+06
4.647750759406614117e+06
4.647750759406614117e+06
4.647750759406614117e+06
4.647750759406614117e+06
4.647750759406614117e+06
4.647750759406614117e+06
4.647750759406614117e+06
4.647750759406614117e+06
4.647750759406614117e+06
4.647750759406614117e+06
4.647750759406614117e+06
4.647750759406614117e+06
4.647750759406614117e+06
4.647750759406614117e+06
4.647750759406614117e+06
4.647750759406614117e+06
4.647750759406614117e+06
4.647750759406614117e+06
4.647750759406614117e+06
4.647750759406614117e+06
4.647750759406614117e+06
4.647750759406614117e+06
4.647750759406614117e+06
4.647750759406614117e+06
4.647750759406614117e+06
4.647750759406614117e+06
4.647750759406614117e+06
4.647750759406614117e+06
4.647750759406614117e+06
4.647750759406614117e+06
4.647750759406614117e+06
4.647750759406614117e+06
4.647750759406614117e+06
4.647750759406614117e+06
4.647750759406614117e+06
4.647750759406614117e+06
4.647750759406614117e+06
4.647750759406614117e+06
4.647750759406614117e+06
4.647750759406614117e+06
4.647750759406614117e+06
4.647750759406614117e+06
4.647750759406614117e+06
4.647750759406614117e+06
4.647750759406614117e+06
4.647750759406614117e+06
4.647750759406614117e+06
4.647750759406614117e+06
4.647750759406614117e+06
4.647750759406614117e+06
4.647750759406614117e+06
4.647750759406614117e+06
4.647750759406614117e+06
4.647750759406614117e+06
4.647750759406614117e+06
4.647750759406614117e+06
4.647750759406614117e+06
4.647750759406614117e+06
4.647750759406614117e+06
4.647750759406614117e+06
4.647750759406614117e+06
4.647750759406614117e+06
4.647750759406614117e+06
4.647750759406614117e+06
4.647750759406614117e+06
4.647750759406614117e+06
4.647750759406614117e+06
4.647750759406614117e+06
4.647750759406614117e+06
4.647750759406614117e+06
4.647750759406614117e+06
4.647750759406614117e+06
4.647750759406614117e+06
4.647750759406614117e+06
4.647750759406614117e+06
4.647750759406614117e+06
4.647750759406614117e+06
4.647750759406614117e+06
4.647750759406614117e+06
4.647750759406614117e+06
4.647750759406614117e+06
4.647750759406614117e+06
4.647750759406614117e+06
4.647750759406614117e+06
4.647750759406614117e+06
4.647750759406614117e+06
4.647750759406614117e+06
4.647750759406614117e+06
4.647750759406614117e+06
4.647750759406614117e+06
4.647750759406614117e+06
4.647750759406614117e+06
4.647750759406614117e+06
4.647750759406614117e+06
4.647750759406614117e+06
4.647750759406614117e+06
4.647750759406614117e+06
4.647750759406614117e+06
4.647750759406614117e+06
4.647750759406614117e+06
4.647750759406614117e+06
4.647750759406614117e+06
4.647750759406614117e+06
4.647750759406614117e+06
4.647750759406614117e+06
4.647750759406614117e+06
4.647750759406614117e+06
4.647750759406614117e+06
4.647750759406614117e+06
4.647750759406614117e+06
4.647750759406614117e+06
4.647750759406614117e+06
4.647750759406614117e+06
4.647750759406614117e+06
4.647750759406614117e+06
4.647750759406614117e+06
4.647750759406614117e+06
4.647750759406614117e+06
4.647750759406614117e+06
4.647750759406614117e+06
4.647750759406614117e+06
4.647750759406614117e+06
4.647750759406614117e+06
4.647750759406614117e+06
4.647750759406614117e+06
4.647750759406614117e+06
4.647750759406614117e+06
4.647750759406614117e+06
4.647750759406614117e+06
4.647750759406614117e+06
4.647750759406614117e+06
4.647750759406614117e+06
4.647750759406614117e+06
4.647750759406614117e+06
4.647750759406614117e+06
4.647750759406614117e+06
4.647750759406614117e+06
4.647750759406614117e+06
4.647750759406614117e+06
4.647750759406614117e+06
4.647750759406614117e+06
4.647750759406614117e+06
4.647750759406614117e+06
4.647750759406614117e+06
4.647750759356969036e+06
4.647750759356969036e+06
4.647750759356969036e+06
4.647750759356969036e+06
4.647750759356969036e+06
4.647750759354854003e+06
4.647750759352492169e+06
4.647750759350072592e+06
4.647750759349604137e+06
4.647750759349604137e+06
4.647750759349604137e+06
4.647750759349604137e+06
4.647750759349604137e+06
4.647750759349604137e+06
4.647750759349604137e+06
4.647750759349432774e+06
4.647750759349432774e+06
4.647750759349432774e+06
4.647750759349267930e+06
4.647750759349267930e+06
4.647750759349267930e+06
4.647750759349267930e+06
4.647750759349267930e+06
4.647750759349267930e+06
4.647750759349267930e+06
4.647750759349267930e+06
4.647750759349238127e+06
4.647750759349238127e+06
4.647750759349238127e+06
4.647750759349238127e+06
4.647750759349238127e+06
4.647750759349238127e+06
4.647750759349238127e+06
4.647750759349238127e+06
4.647750759349229746e+06
4.647750759349229746e+06
4.647750759349229746e+06
4.647750759349221364e+06
4.647750759349221364e+06
4.647750759349221364e+06
4.647750759349221364e+06
4.647750759349221364e+06
4.647750759349221364e+06
4.647750759349221364e+06
4.647750759349221364e+06
4.647750759349221364e+06
4.647750759349221364e+06
4.647750759349221364e+06
4.647750759349221364e+06
4.647750759349221364e+06
4.647750759349221364e+06
4.647750759349221364e+06
4.647750759349221364e+06
4.647750759349221364e+06
