4.653874609709880315e+06
4.651911074011357501e+06
4.651911074011357501e+06
4.651911074011357501e+06
4.650512304260371253e+06
4.650512304260371253e+06
4.650512304260371253e+06
4.650510016391714104e+06
4.650510016391714104e+06
4.650510016391714104e+06
4.649113636878887191e+06
4.649113636878887191e+06
4.649113636878887191e+06
4.649113636878887191e+06
4.649113636878887191e+06
4.649113636878887191e+06
4.649113408329086378e+06
4.649113408329086378e+06
4.649111991848353297e+06
4.649111991848353297e+06
4.649111991848353297e+06
4.649111991848353297e+06
4.649111991848353297e+06
4.649111991848353297e+06
4.649111991848353297e+06
4.649111960078783333e+06
4.649111960078783333e+06
4.649111960078783333e+06
4.649111960078783333e+06
4.649111844927731901e+06
4.649111830325912684e+06
4.649111830325912684e+06
4.649111730611037463e+06
4.649111730611037463e+06
4.649111730611037463e+06
4.649111730611037463e+06
4.649111730611037463e+06
4.649111730611037463e+06
4.649111730611037463e+06
4.649111730611037463e+06
4.649111730611037463e+06
4.649111730611037463e+06
4.649111729453249834e+06
4.649111729453249834e+06
4.649111721802566200e+06
4.649111721802566200e+06
4.649111721802566200e+06
4.649111721802566200e+06
4.649111721672384068e+06
4.649111720298564062e+06
4.649111717800881714e+06
4.649111717800881714e+06
4.649111716806577519e+06
4.649111713068772107e+06
4.649111710765741765e+06
4.649111710765741765e+06
4.649111701829778031e+06
4.649111700240774080e+06
4.649111698920997791e+06
4.649111698920997791e+06
4.649111697866514325e+06
4.649111697866514325e+06
4.649111694070486352e+06
4.649111693479036912e+06
4.649111692688249052e+06
4.649111692688249052e+06
4.649111692238646559e+06
4.649111690743984655e+06
4.649111689081983641e+06
4.649111687526304275e+06
4.649111686498002149e+06
4.649111685537646525e+06
4.649111684481184930e+06
4.649111683178925887e+06
4.649111682109734043e+06
4.649111681250376627e+06
4.649111680429539643e+06
4.649111679586018436e+06
4.649111678931570612e+06
4.649111677904921584e+06
4.649111676708869636e+06
4.649111675550162792e+06
4.649111674596039578e+06
4.649111673759579659e+06
4.649111672668631189e+06
4.649111671750080772e+06
4.649111671750080772e+06
4.649111671696563251e+06
4.649111671696563251e+06
4.649111671648179181e+06
4.649111668366861530e+06
4.649111663494233042e+06
4.649111663240797818e+06
4.649111661871053278e+06
4.649111661602493376e+06
4.649111661205344833e+06
4.649111660986762494e+06
4.649111660986762494e+06
4.649111660951829515e+06
4.649111660701723769e+06
4.649111660494687036e+06
4.649111660323225893e+06
4.649111660181174055e+06
4.649111660063451156e+06
4.649111659987636842e+06
4.649111659755159169e+06
4.649111659755159169e+06
4.649111659477896988e+06
4.649111659477896988e+06
4.649111659477896988e+06
4.649111659404443577e+06
4.649111659340999089e+06
4.649111659340999089e+06
4.649111659340999089e+06
4.649111659340999089e+06
4.649111659340999089e+06
4.649111659311861731e+06
4.649111659276651219e+06
4.649111659207440913e+06
4.649111659207440913e+06
4.649111659207440913e+06
4.649111659205541946e+06
4.649111659177926369e+06
4.649111659177926369e+06
4.649111659177926369e+06
4.649111659156922251e+06
4.649111659102665260e+06
4.649111659102665260e+06
4.649111659088796005e+06
4.649111659071181901e+06
4.649111659071181901e+06
4.649111659068224020e+06
4.649111659068224020e+06
4.649111659068224020e+06
4.649111659068224020e+06
4.649111659062451683e+06
4.649111659062451683e+06
4.649111659062117338e+06
4.649111659062117338e+06
4.649111659057855606e+06
4.649111659054325894e+06
4.649111659054325894e+06
4.649111659054325894e+06
4.649111659054325894e+06
4.649111659054325894e+06
4.649111659053333104e+06
4.649111659051759169e+06
4.649111659051759169e+06
4.649111659046499059e+06
4.649111659046499059e+06
4.649111659046499059e+06
4.649111659046499059e+06
4.649111659046499059e+06
4.649111659046499059e+06
4.649111659046143293e+06
4.649111659045971930e+06
4.649111659045360982e+06
4.649111659045360982e+06
4.649111659044342116e+06
4.649111659044342116e+06
4.649111659044342116e+06
4.649111659044342116e+06
4.649111659044342116e+06
4.649111659044342116e+06
4.649111659044342116e+06
4.649111659044342116e+06
4.649111659044342116e+06
4.649111659044316038e+06
4.649111659044316038e+06
4.649111659044267610e+06
4.649111659044267610e+06
4.649111659044267610e+06
4.649111659044267610e+06
4.649111659044267610e+06
4.649111659044267610e+06
4.649111659044267610e+06
4.649111659044267610e+06
4.649111659044267610e+06
4.649111659044262022e+06
4.649111659044262022e+06
4.649111659044254571e+06
4.649111659044254571e+06
4.649111659044254571e+06
4.649111659044254571e+06
4.649111659044254571e+06
4.649111659044254571e+06
4.649111659044254571e+06
4.649111659044254571e+06
4.649111659044254571e+06
4.649111659044254571e+06
4.649111659044234082e+06
4.649111659044234082e+06
4.649111659044234082e+06
4.649111659044230357e+06
4.649111659044230357e+06
4.649111659044230357e+06
4.649111659044230357e+06
4.649111659044230357e+06
4.649111659044230357e+06
4.649111659044230357e+06
4.649111659044230357e+06
4.649111659044227563e+06
4.649111659044227563e+06
4.649111659044222906e+06
4.649111659044222906e+06
4.649111659044222906e+06
4.649111659044222906e+06
4.649111659044222906e+06
4.649111659044222906e+06
4.649111659044222906e+06
4.649111659044222906e+06
4.649111659044221044e+06
4.649111659044221044e+06
4.649111659044221044e+06
4.649111659044215456e+06
4.649111659044215456e+06
4.649111659044215456e+06
4.649111659044215456e+06
4.649111659044215456e+06
4.649111659044215456e+06
4.649111659044213593e+06
4.649111659044213593e+06
4.649111659044213593e+06
4.649111659044213593e+06
4.649111659044213593e+06
4.649111659044213593e+06
4.649111659044213593e+06
4.649111659044213593e+06
4.649111659044213593e+06
4.649111659044213593e+06
4.649111659044213593e+06
4.649111659044213593e+06
4.649111659044213593e+06
4.649111659044213593e+06
4.649111659044213593e+06
4.649111659044213593e+06
4.649111659044213593e+06
4.649111659044213593e+06
4.649111659044213593e+06
4.649111659044213593e+06
4.649111659044213593e+06
4.649111659044213593e+06
4.649111659044213593e+06
4.649111659044213593e+06
4.649111659044213593e+06
4.649111659044213593e+06
4.649111659044213593e+06
4.649111659044213593e+06
4.649111659044213593e+06
4.649111659044213593e+06
4.649111659044213593e+06
4.649111659044213593e+06
4.649111659044213593e+06
4.649111659044213593e+06
4.649111659044213593e+06
4.649111659044213593e+06
4.649111659044213593e+06
4.649111659044213593e+06
4.649111659044213593e+06
4.649111659044213593e+06
4.649111659044213593e+06
4.649111659044213593e+06
4.649111659044213593e+06
4.649111659044213593e+06
4.649111659044213593e+06
4.649111659044213593e+06
4.649111659044213593e+06
4.649111659044213593e+06
4.649111659044213593e+06
4.649111659044213593e+06
4.649111659044213593e+06
4.649111659044213593e+06
4.649111659044213593e+06
4.649111659044213593e+06
4.649111659044213593e+06
4.649111659044213593e+06
4.649111659044213593e+06
4.649111659044213593e+06
4.649111659044213593e+06
4.649111659044213593e+06
4.649111659044213593e+06
4.649111659044213593e+06
4.649111659044213593e+06
4.649111659044213593e+06
4.649111659044213593e+06
4.649111659044213593e+06
4.649111659044213593e+06
4.649111659044213593e+06
4.649111659044213593e+06
4.649111659044213593e+06
4.649111659044213593e+06
4.649111659044213593e+06
4.649111659044213593e+06
4.649111659044213593e+06
4.649111659044213593e+06
4.649111659044213593e+06
4.649111659044213593e+06
4.649111659044213593e+06
4.649111659044213593e+06
4.649111659044213593e+06
4.649111659044213593e+06
4.649111659044213593e+06
4.649111659044213593e+06
4.649111659044213593e+06
4.649111659044213593e+06
4.649111659044213593e+06
4.649111659044213593e+06
4.649111659044213593e+06
4.649111659044213593e+06
4.649111659044213593e+06
4.649111659044213593e+06
4.649111659044213593e+06
4.649111659044213593e+06
4.649111659044213593e+06
4.649111659044213593e+06
4.649111659044213593e+06
4.649111659044213593e+06
4.649111659044213593e+06
4.649111659044213593e+06
4.649111659044213593e+06
4.649111659044213593e+06
4.649111659044213593e+06
4.649111659044213593e+06
4.649111659044213593e+06
4.649111659044213593e+06
4.649111659044213593e+06
4.649111659044213593e+06
4.649111659044213593e+06
4.649111659044213593e+06
4.649111659044213593e+06
4.649111659044213593e+06
4.649111659044213593e+06
4.649111659044213593e+06
4.649111659044213593e+06
4.649111659044213593e+06
4.649111659044213593e+06
4.649111659044213593e+06
4.649111659044213593e+06
4.649111659044213593e+06
4.649111659044213593e+06
4.649111659044213593e+06
4.649111659044213593e+06
4.649111659044213593e+06
4.649111659044213593e+06
4.649111659044213593e+06
4.649111659044213593e+06
4.649111659044213593e+06
4.649111659044213593e+06
4.649111659044213593e+06
4.649111659044213593e+06
4.649111659044213593e+06
4.649111659044213593e+06
4.649111659044213593e+06
4.649111659044213593e+06
4.649111659044213593e+06
4.649111659044213593e+06
4.649111659044213593e+06
4.649111659044213593e+06
4.649111659044213593e+06
4.649111659044213593e+06
4.649111659044213593e+06
4.649111659044213593e+06
4.649111659044213593e+06
4.649111659044213593e+06
4.649111659044213593e+06
4.649111659044213593e+06
4.649111659044213593e+06
4.649111659044213593e+06
4.649111659044213593e+06
4.649111659044213593e+06
4.649111659044213593e+06
4.649111659044213593e+06
4.649111659044213593e+06
4.649111659044213593e+06
4.649111659044213593e+06
4.649111659044213593e+06
4.649111659044213593e+06
4.649111659044213593e+06
4.649111659044213593e+06
4.649111659044213593e+06
4.649111659044213593e+06
4.649111659044213593e+06
4.649111659044213593e+06
4.649111659044213593e+06
4.649111659044213593e+06
4.649111659044213593e+06
4.649111659044213593e+06
4.649111659044213593e+06
4.649111659044213593e+06
4.649111659044213593e+06
4.649111659044213593e+06
4.649111659044213593e+06
4.649111659044213593e+06
4.649111659044213593e+06
4.649111659044213593e+06
4.649111659044213593e+06
4.649111659044213593e+06
4.649111659044213593e+06
4.649111659044213593e+06
4.649111659044213593e+06
4.649111659044213593e+06
4.649111659044213593e+06
4.649111659044213593e+06
4.649111659044213593e+06
4.649111659044213593e+06
4.649111659044213593e+06
4.649111659044213593e+06
4.649111659044213593e+06
4.649111659044213593e+06
4.649111659044213593e+06
4.649111659044213593e+06
4.649111659044213593e+06
4.649111659044213593e+06
4.649111659044213593e+06
4.649111659044213593e+06
4.649111659044213593e+06
4.649111659044213593e+06
4.649111659044213593e+06
4.649111659044213593e+06
4.649111659044213593e+06
4.649111659044213593e+06
4.649111659044213593e+06
4.649111659044213593e+06
4.649111659044213593e+06
4.649111659044213593e+06
4.649111659044213593e+06
4.649111659044213593e+06
4.649111659044213593e+06
4.649111659044213593e+06
4.649111659044213593e+06
4.649111659044213593e+06
4.649111659044213593e+06
4.649111659044213593e+06
4.649111659044213593e+06
4.649111659044213593e+06
4.649111659044213593e+06
4.649111659044213593e+06
4.649111659044213593e+06
4.649111659044213593e+06
4.649111659044213593e+06
4.649111659044213593e+06
4.649111659044213593e+06
4.649111659044213593e+06
4.649111659044213593e+06
4.649111659044213593e+06
4.649111659044213593e+06
4.649111659044213593e+06
4.649111659044213593e+06
4.649111659044213593e+06
4.649111659044213593e+06
4.649111659044213593e+06
4.649111659044213593e+06
4.649111659044213593e+06
4.649111659044213593e+06
4.649111659044213593e+06
4.649111659044213593e+06
4.649111659044213593e+06
4.649111659044213593e+06
4.649111659044213593e+06
4.649111659044213593e+06
4.649111659044213593e+06
4.649111659044213593e+06
4.649111659044213593e+06
4.649111659044213593e+06
4.649111659044213593e+06
4.649111659044213593e+06
4.649111659044213593e+06
4.649111659044213593e+06
4.649111659044213593e+06
4.649111659044213593e+06
4.649111659044213593e+06
4.649111659044213593e+06
4.649111659044213593e+06
4.649111659044213593e+06
4.649111659044213593e+06
4.649111659044213593e+06
4.649111659044213593e+06
4.649111659044213593e+06
4.649111659044213593e+06
4.649111659044213593e+06
4.649111659044213593e+06
4.649111659044213593e+06
4.649111659044213593e+06
4.649111659044213593e+06
4.649111659044213593e+06
4.649111659044213593e+06
4.649111659044213593e+06
4.649111659044213593e+06
4.649111659044213593e+06
4.649111659044213593e+06
4.649111659044213593e+06
4.649111659044213593e+06
4.649111659044213593e+06
4.649111659044213593e+06
4.649111659044213593e+06
4.649111659044213593e+06
4.649111659044213593e+06
4.649111659044213593e+06
4.649111659044213593e+06
4.649111659044213593e+06
