2.096260658841683551e+02 5.044537146466043787e+00
1.831613197429437179e+01 4.026124191124593921e+01
2.608454573980288274e+02 -4.179851667122128411e+00
1.659594439678514988e+01 3.094582028086486503e+01
1.947686354334096563e+02 -6.006686223636426014e+00
2.547776672445095869e+01 6.114043466163089136e+01
2.849725160339634726e+02 3.279830278668913479e+01
4.088054347780751385e+01 4.753835156890333735e+01
2.508910310801585979e+02 5.743919259216550444e+00
2.411818839342646754e+02 -2.391873781543724320e+00
4.844003424530905022e+01 1.403341663987388799e+01
2.811464012571877191e+01 3.318665754803527790e+01
1.551874012041414517e+02 7.551369404573732425e+01
2.541402257719930731e+02 8.722113494171587433e+00
1.543279300245063439e+02 7.650290094140902397e+01
2.805254334445505151e+02 4.072509038984708951e+01
1.856744187873183876e+02 9.615430229999843093e+00
3.762182454215052374e+00 3.593204569139897586e+01
2.719660028912137477e+02 2.004058387246719164e+01
2.648924383112891405e+02 -1.544994821741393132e+00
2.670822899943073025e+02 1.001712237648894899e+01
3.859347417254392809e+01 2.600911790865791673e+01
2.598616429256244373e+02 1.019979035162658754e+01
7.906824348072456488e+00 1.638763707135841940e+01
7.225739794758820445e+00 3.039850627338937983e+01
2.747537596112442770e+02 1.962827313368300963e+01
2.477075371669998560e+01 5.121176102684783871e+01
1.631379023579749230e+02 1.803578782205656950e+01
9.685252033747158151e+00 5.081032823236339624e+01
2.614652039291977985e+02 1.535410936641903490e+01
2.742476959103906324e+02 -3.407888729514189308e+00
2.426835245324079153e+02 5.910059182277400680e+01
2.705967952706835149e+02 -5.133201391542892011e-01
2.555156123214039781e+02 1.573928396008169273e+01
2.437991117640105188e+02 1.166888393545095326e+01
2.517138298172802138e+02 -3.936913463903738641e+00
2.569840938639929959e+02 7.300428330830590617e+00
2.000069917098197436e+01 4.594765206008618463e+01
2.990756270333875833e+01 4.669784118740155776e+01
1.173550602203006576e+01 3.329041185478590847e+01
2.787311479187310397e+02 2.355312669228225531e+01
2.775755379668644878e+02 3.048506598199831785e+01
2.475430708498359138e+02 5.459757252552414997e+01
2.566199846794178825e+02 -8.447514634598043415e-01
2.547287462547733412e+02 1.202161574888734386e+01
2.615246939654018092e+02 4.774795051054001149e+00
2.450588466101469010e+02 5.131126194182449751e+01
2.596266992633835002e+02 7.636992363843027931e+00
2.623528965442836238e+02 8.598169741074825012e+00
1.486835680765238124e+02 1.843468746107033951e+01
2.558139603287460773e+02 4.393143706287180095e+00
2.470004086352088279e+02 5.841805592314382523e+01
2.734593370404173243e+02 1.867896537100521570e+01
2.637995393820967820e+02 5.007276505706315106e-03
2.288340843559298676e+01 4.205592019543152560e+01
1.754233814092989689e+02 2.227057129478306052e+01
2.588282138335132458e+02 7.929242458419224704e+00
1.797961055011274141e+02 5.639022614182257698e+00
2.806073012652375382e+02 1.757438430212934932e+01
2.460054740990814253e+02 1.300287102057849076e+01
2.659282704362401546e+02 2.933134193312933569e+00
2.638578701235198878e+02 -9.434685855366449658e+00
1.635746342480617699e+01 4.571085139890539750e+01
2.839648895802973243e+02 1.500873512527568110e+01
2.646185276814350118e+02 1.870403578808141631e+01
2.770692014235597753e+02 1.090215110823820055e+01
2.646808930520249419e+02 9.232989843575609257e+00
2.402116790376439042e+02 4.860496233474508188e+01
2.317528853984094894e+02 1.052590010406032839e+00
1.350505571605478394e+01 3.697239073160864820e+01
2.618165760458953173e+02 2.207492552812415809e+01
2.767756090146476140e+02 7.079405110349552110e+00
2.230640661864680396e+01 2.694405602435819702e+01
2.449843440690687544e+02 2.975622800146984659e+00
2.098971910238559246e+01 5.598561382902617822e+01
2.623946005101134347e+02 2.678303171385450554e+01
2.665917952591227049e+02 1.933652443517043906e+01
2.403311269463015947e+02 8.815269842241835363e+01
1.250050913980787826e+00 4.100622707343798368e+01
2.262193391725165554e+02 9.585569416712436919e+01
2.479879551677947802e+02 5.120525577832684405e+01
2.448517916380656061e+02 6.022190786894099368e+00
2.740157161224311722e+02 4.457457465455481938e+00
2.648872566474177574e+02 1.081641437009965756e+01
1.507112054444931744e+02 -8.880131462525358010e-01
1.974195983173718787e+02 4.220780129640963452e+01
2.726547221225197859e+02 5.230661202874639315e+00
-1.069880854975244100e+00 2.746491672584915733e+01
2.185048328434907816e+01 1.193736416610495610e+02
1.688873312194408527e+02 2.711365651336977223e+01
2.583160397752262156e+02 1.929938800305288993e+01
1.988223631712295401e+02 3.973960096345369664e+01
2.551921967238364175e+02 1.576403890931568341e+01
2.455094480725221615e+02 5.838295228403766579e+00
2.615563895156865897e+02 1.060239224947565972e+01
2.767714396630364035e+02 2.593834402544603179e+01
2.357465180951712469e+01 3.814487919699364227e+01
2.341632473075725613e+02 5.898589334061994549e+01
2.607889322502675213e+02 1.125217322530876807e+01
2.526531175006207093e+02 9.275331461317970039e+00
1.206669534014586986e+01 2.046565021261827866e+01
1.705841029757350924e+01 3.932114626915563349e+01
1.588442306164187698e+02 1.325828177759359150e+01
2.593092698428724248e+02 4.434505556064625864e+01
2.597689036754012477e+02 1.719956945452360841e+01
2.271058819256954564e+02 3.601894069324904279e+01
2.672561833944683940e+02 1.035571561522953488e+01
1.989643851533516283e+02 3.270653438856417949e+01
2.430608740306068114e+02 1.005392363071563295e+02
2.607914830575605265e+02 3.189318255872636954e+00
1.042315607930410160e+01 3.701202285772460243e+01
2.546094960749578604e+02 2.101510663925760269e+01
2.555610508186621530e+02 5.137138076712325585e+01
1.012311093302824538e+01 1.192384599008248784e+02
2.342949228835379927e+00 3.796108417936093105e+01
2.703592723312698922e+02 7.320002709191095747e-01
2.810131050113607785e+02 1.656943929690136130e+01
2.142460236783212224e+02 1.114942154697829721e+02
2.702643620331204488e+02 3.472088561124253658e+01
4.766031565695011096e+01 3.731172681116536438e+01
2.698911825277268122e+02 2.062155655525513254e+01
2.803656274030133773e+02 1.461392800761747957e+01
3.066158474593436978e+01 9.944611397465246228e+01
1.965727321921967246e+02 1.491679390377341896e+01
2.834156659840495536e+02 1.410538407239656955e+01
2.389123142109630393e+01 3.584645961390333468e+01
1.297375757033864545e+02 1.110604009481406820e+02
2.687759541051021301e+02 2.569495779851996531e+01
2.538162219783699243e+02 1.304275427987286839e+01
2.520019851693927251e+02 5.649993332416024749e+00
2.505532927830930987e+02 5.036296721341436466e+01
1.400277033971086951e+02 1.187877100219075999e+02
2.509030651949661035e+02 3.607779315829846922e+01
3.549629069338054421e+01 4.635713235399045118e+01
2.686408994813725712e+02 2.463656317970427523e+01
2.616891108482427057e+02 9.809140586580683774e+00
2.641860441930809884e+02 7.848629122849494877e+00
2.510034843347984577e+02 1.122451572598964020e+01
2.781286062741114051e+02 1.426362115891438620e+01
2.716116660286989486e+02 2.244709537022509949e+01
2.553884456355582984e+02 4.826507904753481348e+00
1.754021146046878243e+02 5.777074792742202369e+00
1.398359328079614272e+02 -2.516848802913900229e+00
2.330644124290632035e+01 4.908362272854901676e+01
2.435229014832763141e+02 3.841247794031411367e+00
2.733869007265690811e+02 2.519306619791314006e+01
2.454229282706226627e+02 5.552242402046918812e+01
1.255678789067600221e+01 5.469370395033389798e+01
2.565780137885353724e+02 -6.606541515700976142e+00
2.578973057575437906e+02 4.527142779789910065e+01
1.562950268799408207e+02 1.942379729043853587e+01
2.572392484206836230e+02 4.655568905923899159e+00
2.705674576912258544e+01 7.597905528905792494e+01
2.240275076460671357e+02 6.387065618374973042e+01
2.390029188863965146e+02 9.199224847094147606e+01
2.655176566375393463e+02 2.725811067607381233e+01
2.615149642581113199e+02 2.138668533427170360e+01
2.632150465722927493e+02 2.038671210878267814e+01
2.633844921799176859e+02 2.928883554370790421e+01
2.422060187643337770e+01 4.589129837990270033e+01
2.394496370813316446e+02 -6.129314588723749679e+00
2.565404582989095843e+02 6.375608662124206738e+00
1.698035006309205528e+02 -4.629877679441883664e+00
2.774386098721074632e+02 2.288333939751196766e+01
2.545561593955591917e+01 4.123615147765453770e+01
1.457502686825619342e+01 4.545228824004882995e+01
2.562458726919512628e+02 5.203060711159043450e+01
1.667594702814072889e+02 1.910414734447351748e+01
2.577973955377278230e+02 2.747567431085160550e+00
1.900152743714555186e+02 2.830737305859490505e+01
2.647103380376702262e+02 2.340913864349640505e+01
2.535491192115806598e+02 -3.709724006762096238e-01
2.645219080899988739e+02 4.212531692729587718e+00
1.673039322178721022e+02 2.239002828159900815e+01
2.793758149018551649e+02 2.404031875426800724e+01
2.699039790497115519e+02 1.327621395325100195e+01
2.682869814134010653e+02 2.058433089971884300e+01
2.811096033160280854e+02 1.890086024199968051e+01
1.567695527629886101e+02 1.183768061882249967e+01
2.567339762478891885e+02 8.026911660852515951e-01
2.785333372557114444e+02 5.807361472141308489e+00
2.583733989706827856e+02 8.967186011675005730e+00
2.670473221955807617e+02 -3.440092259640903372e+00
2.547581138203009914e+02 -2.720596176494372465e+00
2.563717532422333534e+02 -2.876039907284254404e+00
2.583884398489187717e+01 3.907186909124371255e+01
1.981620097404675960e+02 -1.340325492326194023e+00
2.637437455693243464e+02 5.717362780130798683e+01
2.427723542440492963e+02 3.757947114661450883e+01
2.266639976738850351e+02 1.936868568934087165e+01
2.742426720881629194e+02 1.613135706626573196e+01
2.544801604560439614e+02 2.343269002780886012e+01
2.560844216771297965e+02 1.234889925616112727e+01
2.631341664233825668e+02 2.291813392455986786e+01
1.503757724250322383e+02 8.849103897472375024e+01
1.100935537256570385e+01 2.909890562260006064e+01
2.684505874886842776e+02 2.091371567501634132e+01
2.556596751479042950e+02 -1.325808657609778507e+00
5.370745880847560549e+00 2.329836530325844990e+01
2.544343730488825202e+02 1.852353309433385675e+01
2.142877497724259115e+02 5.446685373312899259e+00
1.283429936374480747e+02 -4.223546699216532474e+00
2.344399797782156440e+02 5.943085934192794184e+01
2.880514607264515448e+01 1.984902865280404072e+01
2.617483921215489318e+02 7.271028834769630578e+00
2.202932759283262385e+02 1.126709242720828570e+02
2.795723087312721304e+02 2.525195658835687595e+01
2.602040464318640716e+02 3.420761736181771262e+00
1.970002987417434497e+02 4.804709401817107306e+01
2.623045807827970179e+02 5.543014148028027677e+01
2.380183954356502625e+02 5.073726008342228511e+01
2.050161486528716992e+01 6.293866532468179997e+01
2.426829350112952000e+02 7.055858259255058940e+00
2.669570852493163784e+02 5.206268646489002450e+00
2.199485010689363946e+02 9.619777166247432376e+01
2.422134037243270086e+02 7.872328635201560232e+00
2.689874826385239430e+02 5.604671852332019810e+00
2.657612555352159802e+02 1.416739729028306094e+01
2.738955270965875854e+01 4.248795022410359223e+01
2.797687511789527548e+02 2.057934227215321954e+01
2.601261120708495014e+02 1.000610139107102015e+01
2.621268347572789708e+02 5.692514128531823303e+01
3.340240906533605880e+01 3.473851738874996187e+01
2.788668502478926143e+02 1.599931036042409893e+01
2.228483716416182290e+02 1.056412962899196373e+02
2.791210912083428752e+02 1.929433680563337106e+01
2.634123925415937606e+02 6.256528999658250711e-01
2.520661941929324144e+02 1.146878848115998828e+00
6.739880678995474383e+00 5.209478251252841119e+01
6.442716530644950090e+00 3.860061102356561946e+01
3.301602360749216558e+01 6.263483837820465538e+01
1.997221286716921540e+01 3.421249393605488365e+01
2.805197237097606688e+01 4.597726189900996729e+01
2.478694880983314590e+02 5.642194681051772420e+01
2.554059423614397417e+02 1.031907914706802565e+01
2.538549781729612391e+02 1.269860127772746416e+01
2.716828809176961954e+02 -6.089555803181730731e+00
2.567470291827949040e+02 1.663445342150082240e+01
1.487365239712088183e+01 2.990842772703031471e+01
2.768752220805200750e+02 1.001787151507449458e+01
1.885310523153635245e+02 3.207147563650546829e+01
2.849530314725928974e+02 1.956141232630779569e+01
1.354026332189041426e+01 1.191164366458539092e+02
2.790182849789687793e+02 9.087376088085157733e+00
1.856634045387833112e+02 6.576785636939487922e+00
2.581782755728195866e+02 6.031243264457241793e+00
1.044317868547944528e+01 3.023344778335457050e+01
2.563403091677664065e+02 -3.142853092002394710e+00
2.485785071008515672e+02 1.549219129616905377e+01
2.631566293297453285e+02 7.704320240280983612e+00
2.635437387590188223e+02 2.613777804808990801e+00
1.839681067461670239e+02 9.401763821303974922e+00
1.707350695815115671e+01 5.905899359058228981e+01
2.665841019142615096e+02 3.019130300163825886e+00
1.053333700925753078e+02 3.996905553339625072e+01
8.805709125116729297e+01 8.649881921326964118e+01
2.515147617899932015e+02 9.680467219029563353e+01
2.571223491161780998e+02 7.685507424130358700e+00
2.601384575524557476e+02 2.155319139128808104e+01
1.241156811792268542e+02 1.145525363460788952e+02
2.743015126274095792e+02 1.631166205151185622e+01
2.211969178944599719e+02 1.695319155522246035e+01
2.866588424474672934e+02 1.872202733357133297e+01
1.822251676006358707e+02 9.703123435365601068e+00
2.230982007294743141e+02 1.024935469714484881e+01
4.234333169520669315e+01 2.901373737791401552e+01
2.443190846782546828e+02 -5.590899919408739649e+00
2.609780581893049316e+02 -2.614869560443174645e+00
2.534912306015439469e+02 9.043770487642754929e+00
2.813803937855921049e+02 3.697784326723419213e+01
2.109242521957090162e+02 1.107444513141963114e+02
2.917732315258201226e+01 3.168420199488797095e+01
2.691927663856019990e+02 2.036481494686898941e+01
2.458359379934695710e+02 4.296996102993152533e+01
2.590624948651828277e+02 1.521335366630811059e+01
2.438176677948536621e+02 4.219688337788745969e+01
4.475435727144331111e+01 5.794920102380778104e+01
2.701517716166642913e+02 1.827210012616040657e+01
2.615376045908020046e+02 3.149889356407648222e+00
2.524240254319916517e+02 1.268474747964014071e+01
2.824915337122073424e+02 3.003361329425729309e+01
2.714509884263574691e+02 2.306484914235695527e+01
2.757047362336843435e+02 1.536925778194863845e+01
2.535083980467950653e+02 5.596191306371485297e+01
2.749852149873390772e+02 9.613641898926058360e+00
2.413476555651182025e+02 4.380251195220133553e+01
2.718067220544456291e+02 1.845244347263157891e+01
2.761359604778659218e+02 1.413383364903483574e+01
1.830593097719224716e+02 3.261740173917551999e+01
2.483157758934749211e+02 -1.714202497051741769e+00
3.078410822328188345e+01 3.575631249488394303e+01
1.903055207074080215e+02 5.635614510807037014e+00
2.598966881626888608e+02 5.298198712635908691e+00
2.681392045975523502e+02 6.914972365343934335e+00
2.125228947930526715e+02 2.046619503626629566e+01
2.581485465013379326e+02 -2.536871612454590696e+00
1.807099997117374812e+01 4.957792031713029246e+01
1.938037041863647971e+02 2.618041172137680661e+01
2.623206653704198175e+02 4.152532270619172294e+00
2.730380505254331638e+02 2.375357734072233384e+01
1.374783834445717332e+02 6.473179620305401727e+01
2.451361698019483981e+02 5.251147138630505395e+01
1.764363225241952904e+01 5.815289773108894167e+01
2.248355270350173214e+02 2.103449582122458139e+01
2.587060728595748174e+02 9.517354244253850126e+00
2.790423120040132403e+02 3.474864139784043715e+01
2.559334947412416454e+02 5.310892210446643702e+01
7.161346711539733789e+00 3.766906012994267883e+01
2.190594151853156291e+02 1.050962642804976355e+02
2.812558497866644203e+01 4.342776981614128573e+01
2.677207039427760833e+02 1.144607137190241986e+01
2.615193935941980499e+02 6.632800066437678765e+01
3.283055548713228688e+01 4.450015696998663373e+01
2.371002924666769616e+02 2.556879779079708115e+01
2.765484462490218220e+02 9.787085460123225999e-01
2.414506042592647361e+02 9.710683767602128924e+00
3.573147856740066430e+01 6.422643233850448041e+01
1.491535785305168531e+02 8.895207715181507524e+01
3.205810005956624309e+01 1.782442327668606907e+01
2.629577110376692985e+02 1.011028083488587370e+01
2.536424693826282351e+02 -5.880714209823893590e+00
2.584359180033484336e+02 3.019803354621807046e+00
2.631075504518399271e+02 4.068009626127751410e+00
1.684255090022917898e+02 1.934296227470282759e+01
2.669613661531695357e+02 1.364985251117694531e+01
2.756373443161183445e+02 2.894775587128677330e+01
1.919268724098764523e+01 4.342237371163702164e+01
2.597219384783832652e+02 8.084640781234728735e+00
2.869540919749845784e+02 1.249387005417896468e+01
2.350646696867170817e+02 9.486535351174958919e+01
2.978801497466871240e+01 7.237175996612289453e+01
9.158759024048350739e-01 1.877693478055147480e+01
2.669173566639863111e+02 2.726285451021486494e+01
2.725749757396968675e+02 9.272214326118131567e+00
2.492611662028075727e+02 1.263670067963479227e+01
2.044619781295006788e+01 4.448516316732324327e+01
2.463621053739324509e+02 5.830631606893146568e+01
1.817456932570605090e+02 2.505950586719777107e+01
2.380365482742263339e+01 8.968180439604001464e+00
1.836659579439956644e+02 -5.639632757659711615e-01
2.567289244530168162e+02 9.033747935300869614e+00
2.669678770020518641e+02 1.619381649697226067e+01
1.954099005140820111e+02 1.755282419070148237e+01
2.831923767094459521e+01 4.130005213085409110e+01
1.248873868456792913e+01 1.248116180398915986e+01
2.780835352437107417e+02 2.116306629013827489e+01
2.664452764452947804e+02 -2.534370722005643728e+00
2.602375778624276563e+02 8.201368280631175622e+00
2.501739265643262797e+02 3.624399973885578419e+01
2.514023820275113223e+02 3.267759225220718378e+00
2.684742435132773721e+02 2.111818322858842834e+01
2.569796262370785485e+02 5.740754747942669667e+01
2.165537385873436449e+02 1.364447762659378327e+01
3.209967568307707353e+01 6.765540413520233187e+01
2.548596735387172885e+02 3.955390113341597669e+01
2.712964340328351227e+02 2.682095753592309961e+01
2.700719435150775212e+02 1.602079890625579850e+01
1.870640930530789348e+01 3.772144729207500546e+01
1.669320679220957402e+02 2.096469824076904587e+01
2.596537931478786732e+02 3.305531072837773365e+00
2.358937060047862033e+01 2.919346548529729901e+01
2.402667284110858645e+02 1.005577487118082125e+01
1.531872374662936807e+02 3.877564624457772879e+01
2.574705429660190248e+02 8.069108725202049470e+00
2.600259755910603303e+02 9.283352729959027272e+00
3.449285052127305562e+01 2.695904458372118739e+01
2.515378152286552051e+02 5.029554898971859700e+01
2.534211625886103434e+02 -3.668662878335455346e+00
2.583084540476926918e+02 5.189599286035862491e+01
2.579720465994097367e+02 8.069232806381446466e+00
1.748350072266601529e+01 2.919357888408261914e+01
2.779765095287983740e+02 1.691630971467833433e+01
9.353751748255696441e+00 3.392285938128652134e+01
2.719116517837671836e+02 1.771207745732588990e+01
2.665906208135840529e+02 2.701192727994927623e+01
9.623766505406848637e+01 5.487369401965302984e+01
1.394754210672587647e+02 8.498558843963466813e+01
2.519695376286241526e+02 1.791289295132040493e+01
1.337057264517327582e+01 5.573569786352751976e+01
8.205233146377935327e+00 4.075284955629297201e+01
2.451732641457047350e+02 1.996162126559513794e+01
1.342938246082505600e+02 -3.296234902009100409e+00
1.368401749997799399e+00 4.797029956446683485e+01
1.006343714025279823e+01 2.381066279100184602e+01
2.748543527972487936e+02 2.111001319432600809e+01
2.647462472934217317e+02 7.532719645754461624e+00
2.468164027764066191e+02 2.819673076771921139e+00
2.291849277862444723e+01 5.928438313129304049e+01
3.362592750917335138e+01 5.286404389334893494e+01
2.708997376145758835e+02 -1.501553115210059630e+00
2.395093702443961092e+02 1.276725918306855476e+02
2.221382351267281408e+01 2.926460997599553338e+01
2.776131608834132294e+02 1.591475938297992698e+01
2.469818375148058465e+02 2.191812852827357716e+01
2.712695517930014262e+02 -4.132799272866128915e-01
2.503274775895319237e+02 4.517913645217617180e+00
2.655668167068896537e+02 2.661549127838227946e+01
2.339192193507649336e+02 5.659492340347065387e+00
2.460239243339409541e+02 -1.130589802641901453e+00
2.717485644923668247e+02 7.802251321609906753e+00
2.120999225284341776e+02 4.475730648780354670e+01
3.779964867621391278e+01 4.779078529176813106e+01
2.548156868231333760e+02 1.170107686566580441e+01
3.358615545705177396e+01 1.955859000761980582e+01
2.810669119349473704e+02 1.352297448046917694e+01
5.559871256228118952e+00 5.307076308351359017e+01
2.438388540128651130e+02 5.851843376170958955e+00
2.681067985218484182e+02 2.210763099641268781e+01
1.592583830589416607e+02 2.429032116542090236e+01
2.785467408887479834e+01 2.362999333414013137e+01
1.489413032430244641e+02 2.690548533489278071e+01
2.522280722625305884e+02 9.119864706404957388e+00
1.280519822832091279e+02 1.861041674594998696e-01
2.672622614094947835e+02 1.147611257102241744e+01
1.413073310297092178e+02 6.219945740793271227e-01
2.181555253927809446e+01 2.041119036951193166e+01
1.917806682058903078e+01 3.757154621021367547e+01
5.277312296083888299e+00 4.973911154762217279e+01
1.649062615320539464e+02 2.138623351105860237e+01
7.018108396866668208e+00 4.185124136630356162e+01
2.601111621490972539e+02 -1.711830125570876326e+00
2.622445491726427349e+02 9.701746036203132917e+00
2.494915555855354796e+02 1.424128489985666768e+01
2.540749163825055348e+02 4.304721287253246942e+01
2.792297234901915886e+02 2.370423270617850875e+01
3.014818646100500033e+01 6.201693828184122026e+01
3.533313157555933515e+01 5.177183584429487695e+01
2.848819581366760190e+02 2.224877532511518297e+01
2.533718631873406935e+02 3.863562001573719762e+00
2.660689945950182960e+02 1.888525882856076876e+01
9.729135955548933623e+00 5.359092712423787930e+01
1.946233280878505525e+02 3.176169591014440385e+01
2.610458923199313404e+02 1.055298041497151296e+01
2.819687155291204590e+02 3.925606780439750310e+01
1.933255469357158773e+01 6.650037573632545218e+01
2.389960266490589618e+02 2.074604347690150341e+00
2.594730548339888969e+02 6.075061436256702052e+01
2.690155639899252833e+02 1.379472742845068822e+01
2.700380356837696354e+02 6.335275318310841008e+00
1.808248606037030584e+02 1.472551547607038813e+01
3.899179900148881828e+00 2.503403684933349282e+01
3.522091668249029084e+01 4.777662828763494929e+01
2.407871360708696784e+02 1.420950651945272369e+00
2.617197862013767917e+02 -3.475958310529332351e-01
2.418682268095194559e+02 5.612597557287480043e+01
2.396997983134515096e+02 3.875575745159881791e+00
2.106845853661919818e+02 1.132193484605083711e+02
2.559478764987469219e+02 4.780224408119088508e+01
2.482351836690002926e+02 5.097369516433557735e+00
2.386153081388802377e+02 3.744294305424099356e+00
2.412169765764210752e+02 3.541127336640080614e+00
2.769325213734895783e+02 2.259436976359279470e+01
2.665650015360723160e+02 6.973490792804424743e+00
2.488859366030569618e+02 5.082492973002339909e+01
2.333354980366154336e+02 4.358147996889120179e+01
2.777971322850830234e+02 3.088833026715926522e+01
2.475252141402263248e+02 4.851203556923108806e+01
2.775975069059741145e+02 1.219087956677968165e+01
2.857040456553004901e+02 2.376986008393131300e+01
5.004878943816894576e+00 4.013711192334207567e+01
1.851447502833905645e+01 1.780842792878448577e+01
2.687396747371628294e+02 1.674406830283056991e+01
1.350183319403506914e+02 1.021252422999713616e+02
2.600375608704338219e+02 8.964686316121445486e+01
1.244508185344113116e+01 5.277595242603936043e+01
7.928444662599587467e+00 1.122076317027263599e+02
1.485150668642118035e+02 1.138330467809237234e+02
2.473783372196382402e+02 7.123616629943114731e+00
2.723520015512706323e+02 2.124507745831325423e+01
2.757713323960016396e+02 2.861590907411440909e+01
2.378640403272881656e+02 4.268596537403391977e+01
2.479334724961843506e+02 4.724611208075853597e+01
2.606569091820181683e+01 5.170465127085850554e+01
2.420373440848333857e+01 3.566077676901275595e+01
1.370885978772546743e+01 3.840604511019553513e+01
2.825474879351853588e+02 1.705543689887864645e+01
2.763846540940415935e+02 3.832619333712869292e+01
2.675105650125484544e+02 2.906281973777790384e+01
2.454665301783083180e+02 6.730470203486191849e+01
2.413806322736697325e+02 6.228769457797395148e+01
2.213807082943732141e+01 6.341719962235550412e+01
2.677657574125299220e+02 1.389490850723808002e+01
2.821759663154301734e+02 2.649948247945815893e+01
1.043589807248958223e+01 4.160751941253531783e+01
1.895288185428448173e+02 3.624012182211907884e+01
2.468015874043984184e+02 4.545029818504264796e+00
2.827457948124964560e+02 2.647174941011814298e+01
1.603303792713426787e+02 2.229805997722661459e+01
2.821659041655177020e+02 3.276979397617711953e+01
1.601292505715863967e+02 3.632173389995228519e+01
-3.470966662444814332e-01 1.822814345623587329e+01
2.518959742162274651e+01 3.597541086905771124e+01
2.508857648238855234e+02 5.006964536939634058e+00
1.966354655880749647e+01 4.125314002139545266e+01
3.450625495731250680e+01 4.595570582407647464e+01
2.865577472879135712e+02 3.949401326937329770e+01
4.005925485953274290e+01 4.831303456698209686e+01
2.679283548221294495e+02 9.727243478606927951e+00
2.692808193335334863e+02 1.329930103349434667e+01
2.820355635699444292e+02 2.098192955127884574e+01
2.726138781695477178e+02 -4.950850606373020213e+00
4.624576518693308103e+00 2.555612568424191267e+01
2.564671537759884927e+02 -2.804154740479941843e+00
6.555973886253966043e+00 2.423109087313221721e+01
1.919104867453646648e+02 -3.427848030055634099e-01
1.812760124402503550e+02 1.678180706257181853e+01
1.749512716451540371e+02 1.299152090972548024e+01
2.276833909907232112e+01 3.446334545876086963e+01
2.540344233074241913e+02 1.496059755843809569e+01
2.733870021762331817e+02 2.230282042148709110e+01
2.640840385967925954e+02 2.161588898394447256e+01
1.000943248884233157e+02 3.962749270626849807e+01
2.636010595421734592e+02 7.733816382480894980e+00
7.090426005178899871e+00 2.844477044117472175e+01
2.685691722567923421e+02 2.519163639222397677e+01
8.530369402621603570e+01 3.059248403683794137e+01
2.787240314720471019e+02 2.530595293928002576e+01
1.989201176891049272e+02 9.657248681877611318e+01
2.647327770328734005e+02 -1.311319796874120591e+00
2.595321067632441441e+02 1.954098002203100748e+01
2.356955527387623590e+02 -2.374529752058413656e+00
1.734089297900721078e+02 1.476154680222049720e+01
3.009331118884280087e+01 5.474173782247977726e+01
1.340096688443048301e+00 3.145528168195219365e+01
2.740877172829925144e+02 2.890013996519815720e+01
2.676453925070399009e+02 1.642741710833991675e+00
2.668618002437335122e+02 6.469254579189578358e+00
2.682120392293194868e+02 2.176313784777342164e+01
1.945371432897570401e+02 -5.760284778593844912e+00
2.580247780594790470e+02 1.650415586076798746e+01
1.973018992749847484e+02 3.816591307858416826e+01
2.522149008699068702e+02 1.097257819363579756e+01
2.620802971676772586e+02 8.415683890021037783e+00
2.628779043915463376e+02 1.208243698392114851e+01
1.747597048089951102e+02 1.283743521905481799e+01
2.494002341401110243e+02 -2.419192208095602759e+00
2.535241439111078421e+02 1.321091791531640247e+00
2.643088909735022298e+02 1.313975479980046046e+00
1.464186320879727177e+01 3.613005989936276308e+01
1.944750948084963937e+01 5.397114838827300787e+01
2.635060271653094333e+02 -4.475635948155853860e+00
2.324915825545597556e+02 7.493774049264812831e+00
2.192294114850224673e+01 3.236579492654170309e+01
2.445254729329421650e+02 4.462666076700995887e+01
2.568567042356973573e+01 3.992340784844928692e+01
1.391548122880164442e+02 1.438629951567967602e+01
2.729286177630664838e+02 1.128400004961050840e+01
2.528070569749804974e+02 1.662436243692515703e+01
2.665826121719107391e+02 1.085597229551641618e+01
2.628686270247374637e+02 6.494805298939049010e+00
2.492644343623453551e+02 1.839004536753348873e+01
2.555939434488945494e+02 2.498089158858904035e+00
3.284362620532320420e+01 1.030100063131455954e+02
2.706377821370887773e+02 1.815353110386808311e+01
2.641618497842481474e+02 1.098114005962712625e+01
2.627779909713916595e+02 7.864211778075369530e+00
2.732431357060771120e+02 2.651186975303465232e+01
1.822026845334947041e+02 2.061666097129247888e+01
2.606414913486220257e+02 -1.374146465512612103e+00
1.441250869934396235e+02 3.123856988073927710e+01
2.602450681182166363e+02 2.368867760663568411e+00
2.045653710942844441e+02 2.011100524042390703e+01
2.464580323531398562e+02 1.190422004770721998e+01
2.685630842196947583e+02 -1.698584592140051086e-02
1.656500820546474131e+02 2.501472287528949678e+01
2.581567801023286393e+02 1.455096925225694449e+01
2.707176036158259649e+02 -7.326740003555862302e+00
2.190300610714984586e+01 5.047589534607971729e+01
2.624728585569901043e+02 1.345244654581538946e+01
2.562854155835934762e+02 1.818001164019938187e+01
2.679085278168124091e+02 2.098807962158205243e+01
2.631980777314463467e+02 6.590388910293195401e+00
2.668314671105637785e+02 1.799114333169999114e+01
2.322739105713907861e+02 4.462293915848784565e+01
1.726341351561295312e+01 3.029899219076435557e+01
2.058614217541947511e+01 4.580512981939215678e+01
2.752008010994601364e+02 7.389257417666259542e+00
2.422600828236499382e+01 1.898635121147110993e+01
3.530397776724920789e+01 4.976594419181647311e+01
2.544037398039959328e+02 1.273231492869062365e+01
2.572728723405899132e+02 1.097148796147968142e+02
1.161222503152152683e+02 6.104559101079552619e+01
1.787425462448411224e+02 9.465107214573009742e+01
2.562315036871421512e+02 1.992866787298063969e+01
1.828669801212986386e+02 4.090224506394303461e+00
2.679985130696711622e+02 4.133980029391988609e+00
1.182188210982616283e+02 5.740661187592923653e+01
3.600713312506966801e+00 3.680542285076111142e+01
1.318602591690914778e+02 8.613977070318318852e+01
2.690264098515123692e+02 1.123841592651025856e+01
2.958207546835523161e+01 5.409897145939959273e+01
2.665534150301769500e+02 1.424711516362106689e+00
1.971630958089175465e+02 1.279257966641701039e+01
-4.368483789921257632e+00 4.233737389531150797e+01
2.365475516841411547e+02 6.551778359254248230e+00
5.843984812001990825e+00 3.790434412608833270e+01
2.435599742856449552e+02 6.463621095717026321e+01
2.875857862946717773e+02 2.059667894477249206e+01
2.571168856204900521e+02 1.343995736178526101e+01
2.567076426007455439e+02 4.057657005685655349e-01
