4.644792503088049591e+06
4.644792503088049591e+06
4.644792503088049591e+06
4.643593085232793353e+06
4.643593085232793353e+06
4.643593085232793353e+06
4.643593085232793353e+06
4.643593085232793353e+06
4.643591219831823371e+06
4.643591219831823371e+06
4.643591219831823371e+06
4.643591219831823371e+06
4.643591219831823371e+06
4.643590463932611048e+06
4.643590412600397132e+06
4.643590387365888804e+06
4.643590387365888804e+06
4.643590387365888804e+06
4.643590387365888804e+06
4.643590387365888804e+06
4.643590387365888804e+06
4.643590387365888804e+06
4.643590387365888804e+06
4.643590387365888804e+06
4.643590387365888804e+06
4.643590000032840297e+06
4.643590000032840297e+06
4.643590000032840297e+06
4.643590000032840297e+06
4.643589717838076875e+06
4.643589717838076875e+06
4.643589717838076875e+06
4.643589717838076875e+06
4.643589717838076875e+06
4.643589717838076875e+06
4.643589717838076875e+06
4.643589717838076875e+06
4.643589717838076875e+06
4.643589706372054294e+06
4.643589705850619823e+06
4.643589705850619823e+06
4.643589693980511278e+06
4.643589693980511278e+06
4.643589693980511278e+06
4.643589693980511278e+06
4.643589693980511278e+06
4.643589626464300789e+06
4.643589626464300789e+06
4.643589626464300789e+06
4.643589626464300789e+06
4.643589616396565922e+06
4.643589573704795912e+06
4.643589566032106057e+06
4.643589566032106057e+06
4.643589566032106057e+06
4.643589566032106057e+06
4.643589566032106057e+06
4.643589550131378695e+06
4.643589545761509798e+06
4.643589544601621106e+06
4.643589543148728088e+06
4.643589540101200342e+06
4.643589539850387722e+06
4.643589539850387722e+06
4.643589539850387722e+06
4.643589539850387722e+06
4.643589539850387722e+06
4.643589538437591866e+06
4.643589538437591866e+06
4.643589538437591866e+06
4.643589538437591866e+06
4.643589538437591866e+06
4.643589538365948014e+06
4.643589538365948014e+06
4.643589538365948014e+06
4.643589538365948014e+06
4.643589538365948014e+06
4.643589537911863998e+06
4.643589537698037922e+06
4.643589537698037922e+06
4.643589537698037922e+06
4.643589537698037922e+06
4.643589537698037922e+06
4.643589537658127025e+06
4.643589537658127025e+06
4.643589537658127025e+06
4.643589537658127025e+06
4.643589537658127025e+06
4.643589537589283660e+06
4.643589537463592365e+06
4.643589537463592365e+06
4.643589537463592365e+06
4.643589537463592365e+06
4.643589537463592365e+06
4.643589537463592365e+06
4.643589537463592365e+06
4.643589537432318553e+06
4.643589537393119186e+06
4.643589537393119186e+06
4.643589537393119186e+06
4.643589537393119186e+06
4.643589537393119186e+06
4.643589537376717664e+06
4.643589537376717664e+06
4.643589537376717664e+06
4.643589537359068170e+06
4.643589537359068170e+06
4.643589537338257767e+06
4.643589537234006450e+06
4.643589537234006450e+06
4.643589537234006450e+06
4.643589537234006450e+06
4.643589537234006450e+06
4.643589537234006450e+06
4.643589537234006450e+06
4.643589537218904123e+06
4.643589537146810442e+06
4.643589536859076470e+06
4.643589536859076470e+06
4.643589536859076470e+06
4.643589536859076470e+06
4.643589536859076470e+06
4.643589536859076470e+06
4.643589536788902245e+06
4.643589536730268970e+06
4.643589536681672558e+06
4.643589536641387269e+06
4.643589536607983522e+06
4.643589536580281332e+06
4.643589536557305604e+06
4.643589536538246088e+06
4.643589536515703425e+06
4.643589536487808451e+06
4.643589536464670673e+06
4.643589536445476115e+06
4.643589536419890821e+06
4.643589536419890821e+06
4.643589536419890821e+06
4.643589536410730332e+06
4.643589536364059895e+06
4.643589536318756640e+06
4.643589536318756640e+06
4.643589536309163086e+06
4.643589536283619702e+06
4.643589536262329668e+06
4.643589536262329668e+06
4.643589536241291091e+06
4.643589536215953529e+06
4.643589536194939166e+06
4.643589536189045757e+06
4.643589536172343418e+06
4.643589536155455746e+06
4.643589536141445860e+06
4.643589536129822955e+06
4.643589536117985845e+06
4.643589536101034842e+06
4.643589536086972803e+06
4.643589536075305194e+06
4.643589536063896492e+06
4.643589536056358367e+06
4.643589536040776409e+06
4.643589536027849652e+06
4.643589536017123610e+06
4.643589536008224823e+06
4.643589536001104861e+06
4.643589535991468467e+06
4.643589535981040448e+06
4.643589535972386599e+06
4.643589535963553935e+06
4.643589535948804580e+06
4.643589535936568864e+06
4.643589535926416516e+06
4.643589535917993635e+06
4.643589535912010819e+06
4.643589535899202339e+06
4.643589535888575017e+06
4.643589535856060684e+06
4.643589535838209093e+06
4.643589535823425278e+06
4.643589535811177455e+06
4.643589535801026970e+06
4.643589535792613402e+06
4.643589535785635933e+06
4.643589535774839111e+06
4.643589535761945881e+06
4.643589535747404210e+06
4.643589535732273012e+06
4.643589535717914812e+06
4.643589535706000403e+06
4.643589535696113482e+06
4.643589535687909462e+06
4.643589535680025816e+06
4.643589535665960051e+06
4.643589535654287785e+06
4.643589535644600168e+06
4.643589535636561923e+06
4.643589535629667342e+06
4.643589535621179268e+06
4.643589535614134744e+06
4.643589535608289763e+06
4.643589535604938865e+06
4.643589535593269393e+06
4.643589535583607852e+06
4.643589535583496094e+06
4.643589535576909781e+06
4.643589535571444780e+06
4.643589535565226339e+06
4.643589535561772995e+06
4.643589535557296127e+06
4.643589535553582013e+06
4.643589535550121218e+06
4.643589535546559840e+06
4.643589535543242469e+06
4.643589535540213808e+06
4.643589535537656397e+06
4.643589535535057075e+06
4.643589535532759503e+06
4.643589535529677756e+06
4.643589535527890548e+06
4.643589535525664687e+06
4.643589535523153841e+06
4.643589535520652309e+06
4.643589535518577322e+06
4.643589535516854376e+06
4.643589535515058786e+06
4.643589535503881052e+06
4.643589535503881052e+06
4.643589535503881052e+06
4.643589535491326824e+06
4.643589535479922779e+06
4.643589535470488481e+06
4.643589535462679341e+06
4.643589535456212237e+06
4.643589535450855270e+06
4.643589535450855270e+06
4.643589535450321622e+06
4.643589535448461771e+06
4.643589535447691567e+06
4.643589535447691567e+06
4.643589535446637310e+06
4.643589535446637310e+06
4.643589535446637310e+06
4.643589535446637310e+06
4.643589535446637310e+06
4.643589535445523448e+06
4.643589535444278270e+06
4.643589535444278270e+06
4.643589535444178618e+06
4.643589535444178618e+06
4.643589535444178618e+06
4.643589535444178618e+06
4.643589535444178618e+06
4.643589535444178618e+06
4.643589535443691537e+06
4.643589535443691537e+06
4.643589535443691537e+06
4.643589535443691537e+06
4.643589535443583503e+06
4.643589535443583503e+06
4.643589535443583503e+06
4.643589535443583503e+06
4.643589535443583503e+06
4.643589535443583503e+06
4.643589535443488508e+06
4.643589535443472676e+06
4.643589535443472676e+06
4.643589535443454981e+06
4.643589535443454981e+06
4.643589535443454981e+06
4.643589535443454981e+06
4.643589535443454981e+06
4.643589535443454981e+06
4.643589535443454981e+06
4.643589535443454981e+06
4.643589535443451256e+06
4.643589535443186760e+06
4.643589535443186760e+06
4.643589535443186760e+06
4.643589535443123430e+06
4.643589535443006083e+06
4.643589535443006083e+06
4.643589535442852415e+06
4.643589535442724824e+06
4.643589535442724824e+06
4.643589535442702472e+06
4.643589535442639142e+06
4.643589535442639142e+06
4.643589535442639142e+06
4.643589535442614928e+06
4.643589535442614928e+06
4.643589535442614928e+06
4.643589535442614928e+06
4.643589535442614928e+06
4.643589535442614928e+06
4.643589535442614928e+06
4.643589535442601889e+06
4.643589535442601889e+06
4.643589535442600958e+06
4.643589535442598164e+06
4.643589535442592576e+06
4.643589535442592576e+06
4.643589535442592576e+06
4.643589535442592576e+06
4.643589535442587920e+06
4.643589535442587920e+06
4.643589535442585126e+06
4.643589535442585126e+06
4.643589535442585126e+06
4.643589535442585126e+06
4.643589535442585126e+06
4.643589535442583263e+06
4.643589535442581400e+06
4.643589535442581400e+06
4.643589535442581400e+06
4.643589535442581400e+06
4.643589535442581400e+06
4.643589535442581400e+06
4.643589535442581400e+06
4.643589535442579538e+06
4.643589535442579538e+06
4.643589535442577675e+06
4.643589535442577675e+06
4.643589535442577675e+06
4.643589535442577675e+06
4.643589535442577675e+06
4.643589535442577675e+06
4.643589535442577675e+06
4.643589535442577675e+06
4.643589535442577675e+06
4.643589535442577675e+06
4.643589535442577675e+06
4.643589535442577675e+06
4.643589535442577675e+06
4.643589535442577675e+06
4.643589535442577675e+06
4.643589535442577675e+06
4.643589535442577675e+06
4.643589535442577675e+06
4.643589535442577675e+06
4.643589535442577675e+06
4.643589535442577675e+06
4.643589535442577675e+06
4.643589535442577675e+06
4.643589535442577675e+06
4.643589535442577675e+06
4.643589535442577675e+06
4.643589535442577675e+06
4.643589535442577675e+06
4.643589535442577675e+06
4.643589535442577675e+06
4.643589535442577675e+06
4.643589535442577675e+06
4.643589535442577675e+06
4.643589535442577675e+06
4.643589535442577675e+06
4.643589535442577675e+06
4.643589535442577675e+06
4.643589535442577675e+06
4.643589535442577675e+06
4.643589535442577675e+06
4.643589535442577675e+06
4.643589535442577675e+06
4.643589535442577675e+06
4.643589535442577675e+06
4.643589535442577675e+06
4.643589535442577675e+06
4.643589535442577675e+06
4.643589535442577675e+06
4.643589535442577675e+06
4.643589535442577675e+06
4.643589535442577675e+06
4.643589535442577675e+06
4.643589535442577675e+06
4.643589535442577675e+06
4.643589535442577675e+06
4.643589535442577675e+06
4.643589535442577675e+06
4.643589535442577675e+06
4.643589535442577675e+06
4.643589535442577675e+06
4.643589535442577675e+06
4.643589535442577675e+06
4.643589535442577675e+06
4.643589535442577675e+06
4.643589535442577675e+06
4.643589535442577675e+06
4.643589535442577675e+06
4.643589535442577675e+06
4.643589535442577675e+06
4.643589535442577675e+06
4.643589535442577675e+06
4.643589535442577675e+06
4.643589535442577675e+06
4.643589535442577675e+06
4.643589535442577675e+06
4.643589535442577675e+06
4.643589535442577675e+06
4.643589535442577675e+06
4.643589535442577675e+06
4.643589535442577675e+06
4.643589535442577675e+06
4.643589535442577675e+06
4.643589535442577675e+06
4.643589535442577675e+06
4.643589535442577675e+06
4.643589535442577675e+06
4.643589535442577675e+06
4.643589535442577675e+06
4.643589535442577675e+06
4.643589535442577675e+06
4.643589535442577675e+06
4.643589535442577675e+06
4.643589535442577675e+06
4.643589535442577675e+06
4.643589535442577675e+06
4.643589535442577675e+06
4.643589535442574881e+06
4.643589535442574881e+06
4.643589535442574881e+06
4.643589535442574881e+06
4.643589535442574881e+06
4.643589535442574881e+06
4.643589535442573950e+06
4.643589535442573950e+06
4.643589535442573950e+06
4.643589535442573950e+06
4.643589535442573950e+06
4.643589535442573950e+06
4.643589535442573950e+06
4.643589535442573018e+06
4.643589535442573018e+06
4.643589535442573018e+06
4.643589535442573018e+06
4.643589535442573018e+06
4.643589535442573018e+06
4.643589535442573018e+06
4.643589535442573018e+06
4.643589535442573018e+06
4.643589535442573018e+06
4.643589535442573018e+06
4.643589535442573018e+06
4.643589535442573018e+06
4.643589535442573018e+06
4.643589535442573018e+06
4.643589535442573018e+06
4.643589535442573018e+06
4.643589535442573018e+06
4.643589535442573018e+06
4.643589535442573018e+06
4.643589535442573018e+06
4.643589535442573018e+06
4.643589535442573018e+06
4.643589535442573018e+06
4.643589535442573018e+06
4.643589535442573018e+06
4.643589535442573018e+06
4.643589535442573018e+06
4.643589535442573018e+06
4.643589535442573018e+06
4.643589535442573018e+06
4.643589535442573018e+06
4.643589535442573018e+06
4.643589535442573018e+06
4.643589535442573018e+06
4.643589535442573018e+06
4.643589535442573018e+06
4.643589535442573018e+06
4.643589535442573018e+06
4.643589535442573018e+06
4.643589535442573018e+06
4.643589535442573018e+06
4.643589535442573018e+06
4.643589535442573018e+06
4.643589535442573018e+06
4.643589535442573018e+06
4.643589535442573018e+06
4.643589535442573018e+06
4.643589535442573018e+06
4.643589535442573018e+06
4.643589535442573018e+06
4.643589535442573018e+06
4.643589535442573018e+06
4.643589535442573018e+06
4.643589535442573018e+06
4.643589535442573018e+06
4.643589535442573018e+06
4.643589535442573018e+06
4.643589535442573018e+06
4.643589535442573018e+06
4.643589535442573018e+06
4.643589535442573018e+06
4.643589535442573018e+06
4.643589535442573018e+06
4.643589535442573018e+06
4.643589535442573018e+06
4.643589535442573018e+06
4.643589535442573018e+06
4.643589535442573018e+06
4.643589535442573018e+06
4.643589535442573018e+06
