4.654434719300379977e+06
4.653182959009824321e+06
4.653182959009824321e+06
4.653182959009824321e+06
4.653182959009824321e+06
4.653182959009824321e+06
4.653182959009824321e+06
4.653182959009824321e+06
4.653182959009824321e+06
4.653182959009824321e+06
4.653182959009824321e+06
4.653182959009824321e+06
4.653182959009824321e+06
4.653182959009824321e+06
4.653182959009824321e+06
4.653182959009824321e+06
4.653182959009824321e+06
4.653182959009824321e+06
4.653182959009824321e+06
4.653182959009824321e+06
4.653182959009824321e+06
4.653182959009824321e+06
4.653182959009824321e+06
4.653182959009824321e+06
4.653182959009824321e+06
4.653182959009824321e+06
4.653182959009824321e+06
4.653182959009824321e+06
4.653182951439983211e+06
4.653182951439983211e+06
4.651784944551410154e+06
4.651784944551410154e+06
4.651784944551410154e+06
4.651784944551410154e+06
4.651784944551410154e+06
4.651784944551410154e+06
4.651784944551410154e+06
4.651784944551410154e+06
4.651784944551410154e+06
4.651784944551410154e+06
4.651784944551410154e+06
4.651784318867192604e+06
4.651784318867192604e+06
4.651784318867192604e+06
4.651784318867192604e+06
4.651784318867192604e+06
4.651784318867192604e+06
4.651784318867192604e+06
4.651784318867192604e+06
4.651784318867192604e+06
4.651784318222490139e+06
4.651784318222490139e+06
4.651784318222490139e+06
4.651784318222490139e+06
4.651784318222490139e+06
4.651784318222490139e+06
4.651784318222490139e+06
4.651784318222490139e+06
4.651784318222490139e+06
4.651784318222490139e+06
4.651784318222490139e+06
4.651784318222490139e+06
4.651784310728721321e+06
4.651784307147781365e+06
4.651784278741694987e+06
4.651784278741694987e+06
4.651784278741694987e+06
4.651784278741694987e+06
4.651784278741694987e+06
4.651784278741694987e+06
4.651784278741694987e+06
4.651784278514483944e+06
4.651784278514483944e+06
4.651784278403162025e+06
4.651784278403162025e+06
4.651784278360326774e+06
4.651784278033861890e+06
4.651784277780395001e+06
4.651784277780395001e+06
4.651784277780395001e+06
4.651784277780395001e+06
4.651784277780395001e+06
4.651784277780395001e+06
4.651784277780395001e+06
4.651784277780395001e+06
4.651784277689453214e+06
4.651784274454923347e+06
4.651784266555393115e+06
4.651784260820234194e+06
4.651784260820234194e+06
4.651784260820234194e+06
4.651784260820234194e+06
4.651784260820234194e+06
4.651784260820234194e+06
4.651784259120824747e+06
4.651784258650047705e+06
4.651784258650047705e+06
4.651784258650047705e+06
4.651784258650047705e+06
4.651784258650047705e+06
4.651784258650047705e+06
4.651784258255309425e+06
4.651784258254004642e+06
4.651784258254004642e+06
4.651784258254004642e+06
4.651784258231323212e+06
4.651784258231323212e+06
4.651784258113823831e+06
4.651784258113823831e+06
4.651784258113823831e+06
4.651784257684122771e+06
4.651784257684122771e+06
4.651784257684122771e+06
4.651784257684122771e+06
4.651784257614953443e+06
4.651784257327670231e+06
4.651784257267476059e+06
4.651784257220288739e+06
4.651784257211772725e+06
4.651784257211772725e+06
4.651784257012985647e+06
4.651784257012985647e+06
4.651784257012985647e+06
4.651784256997136399e+06
4.651784256997136399e+06
4.651784256997136399e+06
4.651784256974419579e+06
4.651784256974419579e+06
4.651784256974419579e+06
4.651784256948865950e+06
4.651784256948865950e+06
4.651784256948865950e+06
4.651784256941203028e+06
4.651784256893862039e+06
4.651784256893862039e+06
4.651784256893862039e+06
4.651784256864847615e+06
4.651784256853653118e+06
4.651784256853653118e+06
4.651784256823254749e+06
4.651784256768162362e+06
4.651784256722928025e+06
4.651784256685722619e+06
4.651784256655074656e+06
4.651784256629798561e+06
4.651784256608929485e+06
4.651784256591685116e+06
4.651784256577424705e+06
4.651784256550524384e+06
4.651784256518157199e+06
4.651784256488772109e+06
4.651784256464571692e+06
4.651784256444615312e+06
4.651784256411900744e+06
4.651784256374070421e+06
4.651784256342908368e+06
4.651784256317209452e+06
4.651784256295991130e+06
4.651784256278458983e+06
4.651784256263435818e+06
4.651784256263435818e+06
4.651784256258817390e+06
4.651784256242500618e+06
4.651784256242500618e+06
4.651784256242500618e+06
4.651784256242500618e+06
4.651784256242500618e+06
4.651784256242500618e+06
4.651784256238046102e+06
4.651784256230281666e+06
4.651784256230281666e+06
4.651784256230281666e+06
4.651784256230281666e+06
4.651784256230281666e+06
4.651784256230281666e+06
4.651784256230281666e+06
4.651784256229732186e+06
4.651784256226737984e+06
4.651784256226737984e+06
4.651784256226737984e+06
4.651784256225840189e+06
4.651784256222639233e+06
4.651784256222639233e+06
4.651784256222243421e+06
4.651784256219696254e+06
4.651784256219167262e+06
4.651784256218945608e+06
4.651784256218945608e+06
4.651784256218051538e+06
4.651784256216160022e+06
4.651784256216160022e+06
4.651784256216160022e+06
4.651784256216160022e+06
4.651784256215689704e+06
4.651784256215349771e+06
4.651784256214642897e+06
4.651784256214056164e+06
4.651784256214056164e+06
4.651784256214056164e+06
4.651784256214056164e+06
4.651784256213556975e+06
4.651784256212737411e+06
4.651784256211817265e+06
4.651784256211053580e+06
4.651784256211053580e+06
4.651784256210694090e+06
4.651784256210273132e+06
4.651784256209549494e+06
4.651784256209549494e+06
4.651784256209380925e+06
4.651784256208818406e+06
4.651784256208818406e+06
4.651784256208775565e+06
4.651784256208503619e+06
4.651784256208278239e+06
4.651784256208091974e+06
4.651784256207799539e+06
4.651784256207514554e+06
4.651784256207277998e+06
4.651784256207082421e+06
4.651784256206949241e+06
4.651784256206949241e+06
4.651784256206832826e+06
4.651784256206594408e+06
4.651784256206079386e+06
4.651784256205651909e+06
4.651784256205651909e+06
4.651784256205651909e+06
4.651784256205542944e+06
4.651784256205417216e+06
4.651784256205307320e+06
4.651784256205243990e+06
4.651784256205101497e+06
4.651784256205033511e+06
4.651784256204903126e+06
4.651784256204794161e+06
4.651784256204703823e+06
4.651784256204629317e+06
4.651784256204566918e+06
4.651784256204457954e+06
4.651784256204314530e+06
4.651784256204195321e+06
4.651784256204097532e+06
4.651784256204016507e+06
4.651784256203947589e+06
4.651784256203947589e+06
4.651784256203882396e+06
4.651784256203772500e+06
4.651784256203681231e+06
4.651784256203657947e+06
4.651784256203534082e+06
4.651784256203517318e+06
4.651784256203415804e+06
4.651784256203331053e+06
4.651784256203261204e+06
4.651784256203202531e+06
4.651784256203202531e+06
4.651784256203202531e+06
4.651784256203158759e+06
4.651784256203120574e+06
4.651784256203083321e+06
4.651784256203051656e+06
4.651784256203014404e+06
4.651784256202982739e+06
4.651784256202954799e+06
4.651784256202932447e+06
4.651784256202913821e+06
4.651784256202897988e+06
4.651784256202867255e+06
4.651784256202837452e+06
4.651784256202806719e+06
4.651784256202764809e+06
4.651784256202729419e+06
4.651784256202698685e+06
4.651784256202664226e+06
4.651784256202635355e+06
4.651784256202611141e+06
4.651784256202591583e+06
4.651784256202556193e+06
4.651784256202523597e+06
4.651784256202522665e+06
4.651784256202501245e+06
4.651784256202483550e+06
4.651784256202466786e+06
4.651784256202466786e+06
4.651784256202466786e+06
4.651784256202464923e+06
4.651784256202464923e+06
4.651784256202464923e+06
4.651784256202464923e+06
4.651784256202463992e+06
4.651784256202457473e+06
4.651784256202457473e+06
4.651784256202451885e+06
4.651784256202451885e+06
4.651784256202451885e+06
4.651784256202451885e+06
4.651784256202451885e+06
4.651784256202451885e+06
4.651784256202451885e+06
4.651784256202450022e+06
4.651784256202447228e+06
4.651784256202445365e+06
4.651784256202444434e+06
4.651784256202444434e+06
4.651784256202443503e+06
4.651784256202442572e+06
4.651784256202440709e+06
4.651784256202439778e+06
4.651784256202438846e+06
4.651784256202437915e+06
4.651784256202436984e+06
4.651784256202435121e+06
4.651784256202435121e+06
4.651784256202435121e+06
4.651784256202435121e+06
4.651784256202432327e+06
4.651784256202432327e+06
4.651784256202432327e+06
4.651784256202431396e+06
4.651784256202431396e+06
4.651784256202431396e+06
4.651784256202431396e+06
4.651784256202430464e+06
4.651784256202430464e+06
4.651784256202430464e+06
4.651784256202430464e+06
4.651784256202430464e+06
4.651784256202429533e+06
4.651784256202429533e+06
4.651784256202429533e+06
4.651784256202429533e+06
4.651784256202429533e+06
4.651784256202429533e+06
4.651784256202429533e+06
4.651784256202429533e+06
4.651784256202429533e+06
4.651784256202429533e+06
4.651784256202429533e+06
4.651784256202429533e+06
4.651784256202429533e+06
4.651784256202429533e+06
4.651784256202429533e+06
4.651784256202429533e+06
4.651784256202429533e+06
4.651784256202429533e+06
4.651784256202429533e+06
4.651784256202429533e+06
4.651784256202429533e+06
4.651784256202429533e+06
4.651784256202429533e+06
4.651784256202429533e+06
4.651784256202429533e+06
4.651784256202429533e+06
4.651784256202429533e+06
4.651784256202429533e+06
4.651784256202429533e+06
4.651784256202429533e+06
4.651784256202429533e+06
4.651784256202429533e+06
4.651784256202429533e+06
4.651784256202429533e+06
4.651784256202429533e+06
4.651784256202429533e+06
4.651784256202429533e+06
4.651784256202429533e+06
4.651784256202429533e+06
4.651784256202429533e+06
4.651784256202429533e+06
4.651784256202429533e+06
4.651784256202429533e+06
4.651784256202429533e+06
4.651784256202429533e+06
4.651784256202429533e+06
4.651784256202429533e+06
4.651784256202429533e+06
4.651784256202429533e+06
4.651784256202429533e+06
4.651784256202429533e+06
4.651784256202429533e+06
4.651784256202429533e+06
4.651784256202429533e+06
4.651784256202429533e+06
4.651784256202429533e+06
4.651784256202429533e+06
4.651784256202429533e+06
4.651784256202429533e+06
4.651784256202429533e+06
4.651784256202429533e+06
4.651784256202429533e+06
4.651784256202429533e+06
4.651784256202429533e+06
4.651784256202429533e+06
4.651784256202429533e+06
4.651784256202429533e+06
4.651784256202429533e+06
4.651784256202429533e+06
4.651784256202429533e+06
4.651784256202429533e+06
4.651784256202429533e+06
4.651784256202429533e+06
4.651784256202429533e+06
4.651784256202429533e+06
4.651784256202429533e+06
4.651784256202429533e+06
4.651784256202429533e+06
4.651784256202429533e+06
4.651784256202429533e+06
4.651784256202429533e+06
4.651784256202429533e+06
4.651784256202429533e+06
4.651784256202429533e+06
4.651784256202429533e+06
4.651784256202429533e+06
4.651784256202429533e+06
4.651784256202429533e+06
4.651784256202429533e+06
4.651784256202429533e+06
4.651784256202429533e+06
4.651784256202429533e+06
4.651784256202429533e+06
4.651784256202429533e+06
4.651784256202429533e+06
4.651784256202429533e+06
4.651784256202429533e+06
4.651784256202429533e+06
4.651784256202429533e+06
4.651784256202429533e+06
4.651784256202429533e+06
4.651784256202429533e+06
4.651784256202429533e+06
4.651784256202429533e+06
4.651784256202429533e+06
4.651784256202429533e+06
4.651784256202429533e+06
4.651784256202429533e+06
4.651784256202429533e+06
4.651784256202429533e+06
4.651784256202429533e+06
4.651784256202429533e+06
4.651784256202429533e+06
4.651784256202429533e+06
4.651784256202429533e+06
4.651784256202429533e+06
4.651784256202429533e+06
4.651784256202429533e+06
4.651784256202429533e+06
4.651784256202429533e+06
4.651784256202429533e+06
4.651784256202429533e+06
4.651784256202429533e+06
4.651784256202429533e+06
4.651784256202429533e+06
4.651784256202429533e+06
4.651784256202429533e+06
4.651784256202429533e+06
4.651784256202429533e+06
4.651784256202429533e+06
4.651784256202429533e+06
4.651784256202429533e+06
4.651784256202429533e+06
4.651784256202429533e+06
4.651784256202429533e+06
4.651784256202429533e+06
4.651784256202429533e+06
4.651784256202429533e+06
4.651784256202429533e+06
4.651784256202429533e+06
4.651784256202429533e+06
4.651784256202429533e+06
4.651784256202429533e+06
4.651784256202429533e+06
4.651784256202429533e+06
4.651784256202429533e+06
4.651784256202429533e+06
4.651784256202429533e+06
4.651784256202429533e+06
4.651784256202429533e+06
4.651784256202429533e+06
4.651784256202429533e+06
4.651784256202429533e+06
4.651784256202429533e+06
4.651784256202429533e+06
4.651784256202429533e+06
4.651784256202429533e+06
4.651784256202429533e+06
4.651784256202429533e+06
4.651784256202429533e+06
4.651784256202429533e+06
4.651784256202429533e+06
4.651784256202429533e+06
4.651784256202429533e+06
4.651784256202429533e+06
4.651784256202429533e+06
4.651784256202429533e+06
4.651784256202429533e+06
4.651784256202429533e+06
4.651784256202429533e+06
4.651784256202429533e+06
4.651784256202429533e+06
