2.819176185266755965e+02 1.241186081352399384e+01
2.707516330049266458e+02 1.190064653219938329e+01
1.252114048542609304e+01 2.944172808429428301e+01
1.489015097034595101e+02 1.212761170717576107e+02
2.537383338673701019e+02 -1.310890569713092368e+00
2.779504335233494885e+02 2.209852034958081646e+01
2.546729326175850190e+02 1.901668324969995183e+01
2.471192329584153669e+01 4.992588378762961554e+01
2.453771875907134756e+02 6.920939386260002379e+00
1.790785262186224998e+02 4.882229676702155352e+00
2.459257066669636345e+02 8.216522637703830512e+00
2.663335660192746559e+02 1.043297405450123705e+01
2.311609428013843228e+02 4.321295717673650927e+01
1.881693512725295534e+02 9.644706100426390094e+01
2.546129872732183230e+02 4.376552744597755407e+01
2.752159432586427101e+02 1.073510725548723244e+01
2.808830703066934831e+01 3.100059681342066753e+01
2.248643994873852137e+00 3.368766828611587272e+01
2.225569301473708208e+02 7.221299244111314408e+01
2.383109407567408766e+02 3.015527039190172509e+00
5.185420333386425540e+01 1.949037772928009105e+01
1.676235144004518531e+02 2.133760326429717580e+01
2.706226222412861944e+02 1.083268261033258106e+01
4.540596284979307029e+01 1.626378528048523719e+01
8.748489362729151253e+01 4.034405393099542891e+01
2.539188557259743675e+02 3.233062571293377374e+00
2.688312789263370064e+02 2.084277492154794942e+01
2.791396617182145974e+02 4.861832620974800179e+00
2.774186146585603296e+02 2.851348907773676444e+01
1.177875731576169613e+02 9.595251145559842598e+01
2.456587524612809830e+02 5.511160684373540164e+01
2.493518020712121483e+02 -1.895999444766888864e+00
2.745075661699936518e+02 1.884014499419788535e+01
2.409993133687731302e+02 4.893298230205372334e+01
2.716606852428420780e+02 4.993789987364175786e+00
2.073216975091424530e+01 3.922492289328992854e+01
2.884065779168926014e+01 4.543780312755320239e+01
4.377463128935784198e+01 3.012869349436016719e+01
2.600248426130971211e+02 1.524034593140268257e+01
1.651106983995563269e+02 3.195654734650549500e+01
3.452021792543629886e+01 3.377711512257691595e+01
1.624668561169756344e+02 1.493386486982877237e+01
3.845574291142317946e+01 5.114782325021415232e+01
4.505773249907693412e+01 4.929824233235351727e+01
2.331727795402648695e+01 4.468906867689017304e+01
2.643665937552565879e+02 6.555664401078614034e+00
3.554944769815718786e+01 4.904852741888588241e+01
1.368209008452686533e+02 1.024106041054647278e+02
2.005404578514725245e+01 5.416245158103831869e+01
2.566288743295153267e+02 4.767053775615318401e+00
1.529785481424933202e+01 3.586666899185267710e+01
2.563288629310164168e+01 3.587121380751714383e+01
2.519698021761555822e+02 1.257131748215702487e+02
1.782897911325226801e+02 4.664712610481086763e+00
2.639626588064245425e+02 2.106040915399480440e+01
2.829601981354748546e+02 2.809117896353336974e+01
2.426261481439328804e+02 5.630382999774430175e+01
2.282101591028948633e+02 9.957795025795067545e+01
2.737179475769743817e+02 8.413850738473451329e+00
2.630242019466624583e+02 6.017955383622190624e+00
1.835959783865816632e+02 1.238409854467159477e+01
2.399348402863380443e+02 -5.447676670419339118e-01
1.697444475922991458e+01 4.362751591877221102e+01
5.162190388421881693e+01 1.568711806306282952e+01
1.618937310301488424e+02 1.385598393917400983e+01
2.704007451911379007e+02 7.215259607548832221e+00
2.707387236786005360e+02 6.861823948554789609e+00
2.528291720013004351e+02 4.058712336725186276e+00
2.570228985817017247e+02 1.695275612736877946e+01
2.542954197694069478e+02 2.785522757252070392e+01
9.676158090384783250e+00 1.924350280154453685e+01
1.095359787102642635e+01 3.466632845830420706e+01
2.544721266969750388e+02 1.038661217453566898e+01
2.555863884043998269e+02 2.003051186398674410e+00
2.737024552473175163e+02 1.575364352473590479e+01
2.636361448680087349e+01 3.412109579812968718e+01
2.677865687394026963e+02 6.486137812357915422e+00
2.030237870392590196e+02 9.963065940991289438e+01
2.540350573745736256e+02 -8.130819321842963632e-02
1.386739112475503362e+02 1.010007413064746373e+02
1.103785426902274125e+01 3.042876405151915975e+01
1.803445703970397460e+02 -6.687753292205610656e+00
1.723623386718928998e+02 1.775257965102376190e+01
2.848852700741715580e+02 2.896200363427696445e+01
2.218136950705275865e+02 1.011781914604495540e+02
1.107090613777157095e+01 1.495036139939249686e+01
1.461411613443499107e+02 1.958764818319290413e+01
1.663119174954787809e+02 8.796837774325782178e+00
3.573782238530492350e+01 2.014078715940940256e+01
2.735940292812462076e+02 4.722403706311252947e+00
2.770573302513944469e+01 6.588553184061632351e+01
2.312290467287112961e+02 1.346510619875556536e+00
2.603065498744977617e+02 5.247132481635885526e+00
1.297522562326944140e+01 2.478232799708431955e+01
2.621176398312437072e+02 1.218765723452100325e+01
1.890160153104760639e+02 3.263971016768195454e+01
2.602361942433084891e+02 -4.946699542665817795e+00
2.422911780539775251e+01 3.035830455193935151e+01
2.224106129356080430e+02 1.123420118392631935e+02
1.301496096433981364e+01 4.337781634001918718e+01
2.749803578909027806e+02 2.985145835629214872e+01
2.745218978296114756e+02 2.480945374759812694e+01
7.362882340634337552e+00 4.899063588908912692e+01
2.211477178912276145e+02 3.893370325508943353e+01
1.487840317123151692e+02 8.511124664002400309e+00
2.720380604385450738e+02 1.232383970784309923e+01
1.669903602439745072e+01 4.914476353938129449e+01
2.282713492921398881e+02 9.609728568704463214e+01
2.862498389379177866e+01 3.194515842762177726e+01
1.628984869813225487e+02 8.261884962367258112e+00
3.059373089763102271e+01 1.015572874582767042e+02
2.519394813141243503e+02 9.413292995127402918e+00
2.577003293783501476e+02 5.999554198077904132e+00
1.274498151321403583e+02 1.836175685065098051e+01
2.594145862035612140e+02 9.288176743349753295e+00
2.618934541712996023e+01 4.231350740781550712e+01
2.611459399517748352e+02 8.604599847781148725e+00
2.547393745113406567e+02 1.006067254513064135e+01
2.546009315917127083e+02 1.791225326952515573e+01
2.793506066615751138e+01 4.091253951549761325e+01
2.508800824122880613e+02 1.017747961646719119e+02
2.123416779836695412e+01 2.723466184946223478e+01
4.408146630299037838e+01 4.877321863407715341e+01
1.855968821213095907e+02 7.342334970649951664e+00
2.562478122268165635e+02 1.184575588693166992e+02
2.316872121002944596e+02 -3.907761903836777684e+00
2.639035815268191527e+02 1.375691416592508709e+01
2.488407134068257562e+02 5.353506234996800828e+01
2.817394154900998728e+02 6.992955984572338579e+00
2.486060308285040321e+02 8.288655147231031250e+00
2.563063456520675913e+02 -5.771044046445101827e+00
2.535494599737776014e+02 1.625433159055437216e+01
2.694224433981061679e+02 7.550638345838844856e+00
2.477581635012934385e+02 3.293485378230274563e+01
2.790484619188491138e+02 1.960922434813935666e+01
2.554432594462926147e+02 1.046556242511185175e+01
1.446314195717138062e+01 3.922809157128878610e+01
2.130704612725122615e+01 3.613496750728103279e+01
2.883383038533812055e+02 3.773289910778940737e+01
2.503306367863374362e+02 -8.321852973327183989e-01
2.366011773131706946e+02 4.233441111756029329e+01
2.542502792065253061e+02 1.684001915828745766e+01
2.384183418923402087e+02 5.659602782234841101e+01
2.460812492401066720e+02 -1.960793119861925504e-01
2.760854190428108268e+02 1.995991308093967831e+01
2.216700203621691116e+02 4.225772324673693703e+01
1.576714360383550968e+02 3.821884728494084271e+01
2.315731528575526283e+02 1.601397597102313775e+00
2.673119462106332094e+02 2.738730017104218462e+01
1.828311134668295779e+02 4.191866865358313099e+00
2.523700945531709010e+02 4.373148407865528497e+01
2.762575759417476320e+02 1.621262684498059414e+01
2.476635027237810505e+02 5.378159805853424302e+01
2.542990555755795867e+02 3.860381573840605540e+01
1.462604805953444043e+01 2.561581201529040897e+01
2.751267167434477301e+02 1.668670721507231747e+01
2.366524172505350236e+02 1.327650234273621379e+02
2.590997263274726379e+02 6.441576157146189807e+00
2.492899441082356020e+02 4.753355712667519839e+01
2.689048894288411589e+02 9.955534446319145303e+00
2.414524697104163522e+02 5.945433215079030731e+01
2.169980252776535679e+02 9.838027117828926293e+01
1.870178469257625125e+02 1.858900156603563403e+01
2.731516637998834653e+02 2.350814788549924117e+01
2.555001759926182388e+02 6.128680165483552855e+01
2.245546668833109294e+01 3.829001393345069459e+01
2.594606998341698159e+02 1.533780251972028452e+01
2.509024858924731802e+02 4.463009913844055632e+01
2.532708572151514659e+02 -7.479760607982904652e+00
1.839027149119988849e+02 2.935804164415868911e+01
2.462053293888128280e+02 1.433426669783524687e+01
2.647172622296515669e+02 1.962945220384597178e+01
2.061009813350618813e+01 4.172111319017546549e+01
2.001436135471331923e+01 1.147002204401084491e+01
3.026421130461385900e+01 1.872946621084510355e+01
2.464188738711151530e+02 -7.988904418111618000e+00
2.586230945150985576e+02 5.773636196865289172e+00
2.803350314559356207e+02 3.375659385547497671e+00
2.589744509058809285e+02 8.069369172596100981e+00
2.815511214662032557e+02 2.609057960859401604e+01
2.291925221885340704e+02 6.340132134544609244e+01
2.731690408161304617e+02 9.854246070771315757e+00
2.813859791107039428e+02 4.682027524068914204e+01
2.762155882254931498e+02 1.646249742937890659e+01
2.039306573246000767e+02 4.999070915269585136e+00
8.675250867414834488e+01 3.993597782067786284e+01
2.091194153118370025e+01 2.865704753467141686e+01
2.064913575749634589e+01 3.024290912748725901e+01
2.642584018984414342e+02 8.536234198770547010e+00
3.394829917926188045e+01 4.903688080520259973e+01
2.586102014793740409e+02 2.219421074214248790e+01
2.320405604641993023e+02 6.924543325721727705e+00
2.471157425697104486e+02 1.407418754808252181e+01
2.496299075747784286e+02 1.007725032477476077e+02
2.718579055325456579e+02 2.079840265600621763e+01
3.319531590064386251e+01 6.486064728777714095e+01
2.574494257108558486e+02 9.329127713045398451e+00
2.646629045541133110e+02 1.055030658924682463e+01
2.662677452045628002e+02 1.255081962150785735e+01
1.501557766793835746e+01 5.021662077150293868e+01
2.531709272261160777e+02 6.032517680744309274e-02
1.575645163484611260e+02 1.465764391929696231e+01
1.110584412229969864e+01 5.848351365327648921e+01
2.505211285864174613e+02 2.002631350888172435e+01
2.539519776755432758e+02 6.451232247344174198e+01
1.844503357958938636e+02 2.583141688312746354e+01
2.725161549094467546e+02 9.570224990182850888e+00
3.249064762498264258e+01 2.254468000249660165e+01
2.986088370300439365e+01 2.885155729125428081e+01
2.250923276060094906e+02 1.106896091797767951e+02
2.803142592010620149e+01 4.174445421366794307e+01
8.600101014572127056e+00 5.713699159785029735e+01
7.645864267184002472e+00 5.913255108154478989e+01
2.206967326401972400e+02 1.275439106905828339e+02
2.712610196017814133e+02 1.341539434546735166e+01
1.846563519952420052e+02 3.357185215589340288e+01
2.696936402141907365e+02 2.012761501617331916e+00
2.636528999942705696e+02 3.725050883281666003e+00
2.667493910326442688e+02 2.298508204506401853e+01
2.639787639694872041e+02 9.333629171721405271e+00
2.552500697625590647e+02 -8.478075995419974475e+00
2.544956235422282305e+02 1.041900548918777147e+01
1.206686044827378979e+01 4.529144234804320490e+01
4.293304229253058679e+01 6.311651107733182897e+01
9.612522372749120692e+00 5.554845489201126441e+01
2.529977376043975141e+02 1.022648450904827300e+01
1.820990959656380070e+01 1.252590793081618337e+01
2.861675170027820059e+02 1.092630656296623037e+01
2.381813130604007540e+02 4.680412634156218132e+01
4.115948683953192244e-01 1.443098337993520275e+01
2.503262797667494510e+02 3.201106431919393813e+00
1.398516271020491786e+02 8.007902200058279618e+01
2.606650045683229564e+02 5.720372185583303803e+01
2.646162625136354336e+02 2.153354881844658664e+01
2.726065678083521675e+02 1.866467283005405164e+01
1.810988855123409280e+02 3.917385893856117463e+01
2.708580680230911639e+02 9.753452447043066798e+00
2.789138484987831816e+02 1.329485329302427665e+01
2.193201711244428154e+01 2.144014709847538924e+01
2.754255084748568265e+02 1.904587042283556286e+01
2.822626939047096926e+02 1.342052581021532021e+01
3.936830462275639775e+01 3.942814308564960868e+01
2.926939317257162188e+01 8.593811804171339475e+01
2.424632609328422106e+01 1.213435296675121045e+01
1.755586954822051950e+02 2.820074611287274635e+01
2.533289407111547007e+02 2.976643629832043203e+01
2.809842132702756601e+01 2.904713508456017124e+01
1.472731847589200243e+02 7.205378901063650687e+01
1.826642731536850874e+02 3.560579999508357218e+01
2.454510437870490875e+02 5.140983254798797475e+01
2.612119063224814113e+02 8.551748976350818765e+00
2.519989400932180672e+02 7.637666917120404797e-01
5.055533328204668919e+01 1.842869214430528757e+01
4.858085209442861441e+01 4.051605466862294236e+01
2.557020034149146568e+02 5.300423076054885385e+00
2.500155677113096715e+02 2.053769144243310762e+01
3.354388949129027253e+01 3.792026350157115644e+01
2.619265519550294243e+02 2.190936541690770767e+01
1.676918873735077682e+02 2.437222137311171366e+01
2.584536580026295383e+02 6.214186102555183666e+00
2.257665904652822775e+01 4.191646262059982320e+01
2.633645942256962371e+02 4.314713371266633146e+01
2.773495724731846508e+02 2.175031942740549340e+01
2.642445432209520391e+02 1.743977431345328455e+01
2.536523358114647806e+02 5.374959132093965586e+00
2.589811017526432124e+02 1.495121975753569110e+01
1.855032992402109926e+02 7.759776743040522007e+00
2.643699189403440073e+02 2.336202896095380410e+01
2.702250853971428910e+02 1.367429136273433699e+01
2.631866222116239129e+01 4.009799415031389458e+01
1.554689465142377571e+02 -6.334602150822727928e-01
2.328804795851603515e+01 4.290575015593109498e+01
2.500852368034330766e+02 3.790090584413543517e+00
3.063160109461270508e+01 4.704564633348719127e+01
1.362223102222163362e+01 2.314250320647056114e+01
2.572777753646761312e+02 5.615730200347204715e+01
2.512440355063430104e+02 4.203542415910076713e+00
2.798614124880247118e+02 1.420611411941673019e+01
2.771816191765410622e+02 1.456311724135594332e+01
2.674312585084398961e+02 7.791605754744191259e+00
2.793845156019667897e+01 5.442392557563534439e+01
2.099754644601502207e+02 -6.724848437499293397e-01
5.639260647721763497e+00 3.163704380879523370e+01
2.135259446247263071e+01 5.939552652402920785e+01
2.722407640791458334e+02 2.383362593659349571e+01
2.047368162919939039e+01 5.130036285188686662e+01
2.640787609769725464e+02 4.849400140217008470e+01
2.767114419135085654e+02 2.164074472526581161e+01
2.672842636508045757e+02 2.495720854118644638e+01
2.570773455311912699e+02 1.062363452098282046e+01
2.433380655302444140e+01 4.594223005534286841e+01
1.816173466561500049e+02 7.273549510698765630e+01
3.163360668419043975e+01 6.364040992294458476e+01
2.767379517710468235e+02 3.761331229584284586e+01
2.560370706729831909e+02 4.883436536110420434e+01
2.518198714875971120e+02 1.369686688504315697e+01
2.664451969620517389e+02 6.126331346711354264e+00
2.539803867671335240e+02 2.206181120520956718e+00
1.168769763280615237e+01 5.521668951877288833e+01
1.023111814337161540e+01 5.177451125135956289e+01
1.888826867330305106e+02 1.898538214498982057e+01
2.618654928457553410e+02 6.221387849647375390e+01
1.908557331218327704e+02 2.263741580891415595e+01
2.586582590222818823e+01 2.349144266370240786e+01
2.498263046085885719e+02 4.867735083011671549e+01
2.713620892174318442e+02 2.199462863102236554e+01
2.508531802412309162e+02 -9.710658183490190609e-01
1.151688699657744408e+01 4.595304080848871564e+01
1.636663644117964367e+01 2.893382285866513115e+01
2.492320908191042292e+02 4.544437914722313820e+01
2.295264964444037901e+02 1.007198251268531948e+02
2.695911594509902329e+02 -6.749773765257671698e-02
6.685064146778707084e+00 2.512657628938101340e+01
1.426863100718537964e+02 5.961850687796378168e+01
2.053804504445182033e+01 5.591512748948198208e+01
2.755547309227322472e+01 3.778581650448599305e+01
1.750055409435214813e+02 3.074409926169784768e+01
2.704390593627414319e+02 1.833436545861792411e+01
2.261227147151632266e+01 3.371536495572703984e+01
2.559887113329579904e+02 9.018630388265718167e+00
2.670998875721388686e+02 -1.129656332148847753e+00
2.126407606635666241e+02 1.077785588397864842e+02
1.439747138129558550e+02 9.145906500511065929e+01
2.450724358368943570e+02 6.184973313129307826e+01
1.913220165528081296e+01 3.766024392709730506e+01
2.453755785927375257e+02 8.324627290152069747e+01
2.716271221813451575e+02 1.169051139708836473e+01
2.700830627820485006e+02 2.235861480565661452e+01
2.103413515978090587e+01 1.828610239710058138e+01
2.496838495792503636e+02 6.161325305877417691e+01
2.058693060169080127e+02 1.411216329303407058e+01
1.927072982302286732e+02 3.566824333530735203e+01
2.826324053319286804e+02 2.451061130728939830e+01
2.880987341531304082e+02 1.583214410268448447e+01
3.259817516615183308e+01 5.756029535890781546e+01
2.958539961218006553e+01 2.718041123148137572e+01
2.679395025147962883e+01 6.417397272338664038e+01
2.669332517401844598e+02 1.249370426635894837e+01
6.301679570480898995e+00 4.953616833229314409e+01
2.622259681356389933e+02 -4.317485968459831014e-01
1.978529239284571517e+01 4.061856053836616809e+01
2.619985731514544796e+02 4.554929095544247630e+00
2.656127395690967887e+02 2.184159063516572274e+01
2.437359805489242035e+02 3.374929567752716508e+01
2.031465881508607083e+02 7.991822078728040069e+00
8.569131963423387788e+01 3.208588071985230528e+01
2.406942870789879692e+02 8.815500471255597859e+01
2.774018354243820568e+02 1.389764184502502431e+01
2.666945276913555176e+02 1.673948440735659204e+01
2.413693321329100456e+02 3.087639470260828389e+01
2.601510342713170871e+02 1.034042476447215364e+01
2.596811198210537555e+02 2.430218570044832660e+01
2.447259173338661071e+02 8.058330326880593475e+00
1.784055482342400012e+02 9.826581032029075402e+01
2.475896827884596405e+02 9.499719779218414928e+00
2.727113346017661044e+01 3.770773834552848314e+01
2.531579010388958011e+02 4.530903377599169346e+01
2.667992215273597481e+02 8.436608347694679821e+00
2.752692017621191098e+02 1.334358789061318618e+01
1.429396094808467126e+02 4.400263141579333848e+00
2.394647578101436523e+02 -2.909117401123838764e+00
1.401319688838288968e+01 5.591896336984734717e+01
6.048166962461285934e+00 1.095586168821342312e+02
2.505583254172285876e+02 -7.245168164824698387e+00
2.786190976443731984e+02 1.621203916914213039e+01
2.574515742628552744e+02 6.653212124395329496e+00
2.272669975484038929e+01 2.958414904514617305e+01
1.441211452366528931e+02 2.062026777468791039e+01
2.189812768820305564e+02 1.234271953195083853e+02
2.472456292747743234e+01 1.869504553225963761e+01
2.572102108459234273e+02 3.479676375728219284e+01
2.340224180631220747e+02 5.850353582838280175e+01
2.783209714327879283e+02 1.034445071892660728e+01
1.604529675101579187e+02 9.079272533833353975e+00
1.639375893201133749e+01 4.040642029472434160e+01
2.844791499247114075e+02 9.856837249081674912e+00
6.111482137324051322e+00 4.740462171032122285e+01
2.885094825342697504e+02 2.590735893828037462e+01
2.462239438204711632e+02 6.708773652932050879e+01
2.498543744529188473e+02 7.209826310177646747e+00
2.017674866669848370e+02 9.952041561938442271e+01
2.344944084043378041e+01 5.323153914656892027e+01
2.484513145135583443e+02 1.243614804861602430e+01
2.269037148512201725e+02 4.161939129439961960e+01
2.580101173001281154e+02 1.134782463725641044e+01
2.589181887994233762e+02 4.684287561199543859e+01
2.275586699479081787e+01 1.015725554376770745e+01
2.563036221579849325e+02 2.124636297250425088e+01
1.792450006304990211e+02 2.802371761499660252e+01
2.723011483200402836e+02 2.486795374514684909e+01
2.162531362817072704e+02 1.023894691991095414e+02
2.454440108611682945e+02 1.535598760554612241e+01
1.963637662042096395e+02 -4.004749516146467236e+00
2.036969452121313680e+02 9.689794168709298106e+01
1.135097036783280977e+01 4.329781834174435318e+01
2.634729239526857896e+02 1.734820231205113217e+01
3.561134368684722773e+01 5.531335136610060488e+01
2.675771585077822579e+02 1.881487159839543111e+01
2.121866938736582142e+01 3.375781614596940017e+01
2.521019968536185445e+02 1.816605183030902282e+01
2.691682562541379298e+02 2.095707080376349296e+01
2.731850672722401328e+02 -7.664597632198660193e+00
2.639417561627315649e+02 1.366911770662920489e+01
3.852577221588303757e+01 2.059798215170335567e+01
2.574341622319886369e+02 -1.168665535605438954e+00
2.509485000641950023e+02 2.128375804308324959e+01
2.592246649074626674e+01 1.717438853215995920e+01
2.669802474383792514e+02 4.209422299715879667e+00
2.568189512306917095e+02 5.733113160718992418e+01
1.889679293898245191e+02 1.570242851406216289e+01
2.799005956017312542e+02 3.130581840520870074e+01
1.323152139295083884e+01 6.738575324445505998e+01
2.738149837913485953e+02 1.736230713950578064e+01
8.258710135111410722e+00 1.886205045703328054e+01
2.694610404829222716e+02 2.623663217229027822e+01
1.860891252724965454e+02 5.043758440819030575e+00
2.504059208759757666e+02 2.837129472134393815e+00
2.208999871841156448e+01 5.522220084320584732e+01
2.338819819801127267e+02 3.382614170643645224e+01
2.646003691143433798e+02 2.257087580353422851e+01
2.725162796099856521e+01 3.439357966501997055e+01
1.969008703586279694e+02 3.517747163991941761e+01
3.506564646754487313e+01 1.212660550831120645e+02
2.713115150928409776e+02 1.345191826559974224e+01
2.365346562436553199e+02 5.314960970660444417e+01
2.652902998620043036e+02 1.286795739135241945e+01
2.414568312680439632e+01 4.624064526052178081e+01
2.659364079539881800e+02 1.470343368941394502e+00
1.921739908592270751e+01 4.883532643259183459e+01
2.744093101820403149e+02 2.588385692660944315e+00
1.512294112848854297e+02 1.556606195577324936e+00
2.369287261818543016e+02 3.321403460213461756e+01
2.875793118472370793e+02 2.750995459712476077e+01
9.870894859495416540e+01 4.730559118508136862e+01
2.592847834982104018e+02 2.768182110213686542e+00
2.740382093527449001e+02 1.724974959311786193e+01
2.630152219039190413e+02 1.308938870977099356e+01
2.477327558620778234e+02 -7.554017965010821456e+00
2.585768161408374795e+02 1.339521571424178248e+01
2.591835877637832937e+02 5.727036404592061203e+00
2.159940588010555018e+02 9.655379333565178968e+01
2.492855786253637973e+02 4.654033067407117841e+01
2.473349291307253282e+02 -2.985425923085020194e+00
2.110951129028906905e+02 4.609025964392398578e+01
2.689946023111021987e+02 7.618070424824497699e+00
2.608987485664181349e+02 4.551097457392891954e+00
1.855902065776911911e+02 2.313518854102412092e+01
2.627340936574251486e+02 1.028879921477753534e+00
2.338959054167857232e+02 -3.202940408288270646e-01
2.446363617599893985e+02 5.464381715728238476e+01
2.750526256994469918e+02 9.703625076648751957e+00
2.181878240149265764e+02 1.898757212828843421e+01
2.128128436704100181e+02 4.160427795909443915e+01
2.558145430714200472e+02 2.046464683627745806e+00
2.683189519798476681e+02 3.105353514788663283e+00
2.208296914270006255e+02 1.132480789506443415e+02
2.813924206255388754e+02 1.310316585444422088e+00
2.585463484947441657e+02 4.380686439443293168e+00
1.671882822645475386e+01 1.723836186723092823e+01
1.848614503074096760e+01 3.127497776207724911e+01
2.347959084894174282e+02 7.161428276576490504e+00
2.261464694375940354e+01 4.152212370347379533e+01
2.762940602724278278e+02 1.378594441982712482e+01
1.218852998816087165e+02 8.926590941114388045e+01
1.705755396236236265e+02 2.389468502071311917e+01
2.734125426167429396e+02 1.321761662003828697e+01
2.595155313093383711e+02 1.910491403529838905e+01
2.355844605848160995e+02 1.080880457094028486e+02
2.586856332919552415e+02 1.475374759168537331e+00
1.584377130914412390e+01 4.767033549607685927e+01
2.575089035410161387e+02 4.309456104666423926e+00
2.743857732377120442e+02 1.217133047664976786e+01
2.289188373931825140e+02 3.819179454895267867e+01
2.304447435794465946e+02 1.288672649380420410e+02
-4.395940262779217456e+00 2.918307223034446096e+01
2.520800277006926251e+02 -5.983219518652100000e+00
3.570130778654270642e+00 4.402542552524433717e+01
6.581119605067197398e+00 5.316842148024838366e+01
2.063602351600716247e+02 2.552089625645508875e+01
2.541741914320001001e+02 -5.807949073166248866e+00
2.497270413826626623e+02 -2.728301219850664872e+00
2.697849913654513543e+01 1.464172215226213147e+01
2.872022923407087447e+01 5.083753315172305065e+01
2.762899336313561207e+02 9.563761495233499943e+00
2.686364934830553466e+02 2.484847303475282132e+01
2.378245272997865527e+02 5.922779773224313260e+01
2.574469398391788673e+02 1.847725631359416454e+01
2.725841778083076292e+02 2.133957046917379330e+01
2.568228761647592933e+02 1.490360381440328119e+01
2.113534114062040601e+02 1.207883577211318382e+01
1.573244450894185604e+02 1.241273682962627944e+01
2.704598449852463204e+02 1.908818466837244543e+01
1.857025779522915059e+02 6.012765546326116706e+00
2.725514597678233599e+02 2.711591102195515646e+01
1.208559612768081166e+02 6.319846842532441400e+01
2.533115850710616712e+02 2.769708668214646963e+01
2.581499514079297342e+02 9.997251253062801268e+00
2.622073662423276232e+02 8.319923745667336945e-01
2.446176740628849586e+02 2.076395779253646623e+01
2.268981939460070407e+01 3.149472614491528333e+01
1.554817309077063499e+02 1.346298955918641838e+01
2.614070482078761870e+02 1.603504241664290575e+01
1.587227169788598076e+02 1.033018902435403774e+01
2.583600032526764494e+02 1.327589720320061417e+01
1.728152858708954795e+02 1.601175551394422314e+01
2.829786020430144049e+02 2.622120411473979118e+01
1.772536805481848035e+02 4.470628655286478903e+01
2.509438934969543311e+02 1.989184869733333194e+00
1.064562042212675763e+01 3.092246423874584593e+01
1.957030278607476248e+02 9.797755018327245580e+01
2.569512804389314624e+02 2.452799848191084209e+01
2.332577295227630998e+02 1.255019398787865157e+02
1.699723403152858339e+02 3.536240588052100264e+01
2.007914971946029823e+02 2.958405325267825958e+00
2.607002105341320544e+02 3.248572240914761267e+01
2.391866808199366687e+02 4.272769106932472027e+01
1.964999762483048471e+02 3.658461337448360240e+01
2.174066870726722414e+02 3.239348557777070425e+01
2.642975645390480395e+02 4.409252206896621828e+01
2.561752079706736254e+02 2.299047892632721357e+00
2.722687202574567209e+02 1.884662977284000718e+01
2.274382959265385296e+01 3.562645376709846801e+01
2.495861139691136543e+02 6.397233458142751772e+01
2.414640761572344729e+02 6.112747643563255906e+01
2.647493211270470965e+02 3.549507030673855468e+01
1.322853641480872398e+02 1.057842650351860243e+02
2.055374874999280621e+02 1.040705874362999594e+02
2.564264179675140554e+02 5.321603083535737255e+01
2.620563457421698104e+02 5.883014945041368904e+00
2.491753018982213348e+02 1.005220689302097625e-01
2.692070915368703936e+02 1.965592057493920564e+01
2.296301081431846001e+02 1.020050197336575337e+02
2.576544440923351544e+02 1.023006687348709676e+01
1.776528259037584405e+02 1.673943030001624521e+01
2.090460304604800683e+02 1.646408411660238613e+01
2.119499120536097223e+02 2.889862570595921198e+01
2.905275452706558070e+01 1.476436349071527943e+01
2.569281574767323946e+02 -3.947585574772677575e+00
2.061099489758543086e+02 3.197876458095667473e+01
3.509159069144635623e+01 8.294230410143366328e+01
1.507372549170806764e+01 5.664209945758439346e+01
2.712842516448317838e+02 4.933984279844652932e+00
2.091987553597338376e+02 -1.259643562079357793e+00
2.346194872142804684e+02 6.904276294953351822e+00
2.590562823052411545e+02 1.896407353158931741e+01
7.726931297903631979e+00 2.453016205356836110e+01
2.674889545215384601e+02 1.878956712946018115e+01
2.455952740962673886e+02 -4.802975028261403878e+00
1.860332349856731184e+02 3.032627849028208544e+01
2.006515002477955250e+02 3.457919653846816743e+01
2.763677522421387494e+02 -4.945322771875497736e+00
2.651374719376518101e+02 1.858410203010185313e+01
9.368876379361825713e+00 1.996452161956931448e+01
2.861867422416877389e+02 2.171009613879910560e+01
2.571840510203163035e+02 -2.259102289467807889e+00
2.889476006658002802e+02 8.115266651296380473e+00
2.565386297776972242e+02 1.830568117020037633e+01
1.857553908642301224e+02 9.266476672574924578e+01
2.622492623765136841e+02 4.907537620071302342e+00
1.590379108965620105e+02 7.014634552367890308e+01
2.511773473079936991e+02 -5.239266830380358009e+00
1.647826594703057879e+01 3.961554976985991061e+01
2.431985058576544816e+02 8.304594150680676634e+00
2.612128887087093290e+02 2.114492776498925153e+01
1.398248680558706702e+01 3.756532197584598975e+01
1.405819997286625664e+02 -6.636000011871168169e-01
2.567162333873331477e+02 4.947978819009192364e+01
2.549489045386557393e+02 5.135801578619779484e+00
2.417697962522722577e+01 6.079996589693765685e+01
2.541165780334815452e+02 -8.979500572857190832e-01
2.596553417706933828e+02 5.726013287896178028e+00
1.624314800095399391e+01 6.251009960167587565e+01
3.736792626988736288e+01 3.820905514851146734e+01
2.237574812678166225e+01 6.434922268797551226e+01
2.700683002463920701e+01 3.510717394596820640e+01
2.550051635236139873e+02 1.517913182636386082e+00
2.046392135760360702e+02 9.517700977184617273e+01
2.625182628677195567e+02 5.701795476011356811e+01
3.500954146307553572e+01 3.750953023973907818e+01
1.756188047110044863e+02 3.299977829101645455e+01
1.772667146341856323e+02 3.103313757990537880e+01
2.571976855408861979e+02 3.930354098731748458e+00
1.933785716275508264e+02 5.136308194008998385e+01
6.447737654938482166e+00 2.406801021994465728e+01
2.444274682056253596e+02 3.670564152071673192e+01
2.774171207203182803e+02 2.052821633628538933e+01
2.418412431486456171e+01 4.488626112104533661e+01
2.407535402509915912e+01 4.876083725615141873e+01
6.027818915424082213e+00 1.214078164825551198e+01
2.443268053519299485e+02 4.903792512617062016e+01
2.607977281670428624e+02 4.133018851388896309e+01
1.827523422110201423e+01 5.763401993485849317e+01
2.633066348977985172e+02 4.359858773211360017e+01
2.678734140336987934e+02 1.978838379812503590e+01
2.458647773216491714e+02 1.183227818351804927e+01
2.430192048781104859e+02 1.121979410818075564e+02
9.517958966288151856e+00 3.693547368489838334e+01
2.210250582474760250e+01 3.869902768314832286e+01
2.841703622952772434e+02 4.634198343646822593e+00
2.174735445138587977e+02 7.042557133752109166e+01
