4.649076410679887980e+06
4.647996281102395616e+06
4.647993980789154768e+06
4.647993980789154768e+06
4.647993980789154768e+06
4.647993980789154768e+06
4.647993980789154768e+06
4.647993980789154768e+06
4.645946914887901396e+06
4.645946914887901396e+06
4.645195821574219503e+06
4.645195821574219503e+06
4.645195821574219503e+06
4.644545807303562760e+06
4.644545807303562760e+06
4.644545807303562760e+06
4.644545807303562760e+06
4.644545807303562760e+06
4.644545807303562760e+06
4.644545807303562760e+06
4.644545807303562760e+06
4.643145211491227150e+06
4.643145211491227150e+06
4.643145211491227150e+06
4.643145211491227150e+06
4.643145211491227150e+06
4.643145211491227150e+06
4.643145211491227150e+06
4.643145211491227150e+06
4.643145211491227150e+06
4.643145211491227150e+06
4.643145198049049824e+06
4.643145101163082756e+06
4.643145101163082756e+06
4.643145101163082756e+06
4.643145101163082756e+06
4.643145101163082756e+06
4.643145101163082756e+06
4.643145101163082756e+06
4.643145101163082756e+06
4.643145056101396680e+06
4.643145056101396680e+06
4.643145025729695335e+06
4.643145025729695335e+06
4.643144951713732444e+06
4.643144951713732444e+06
4.643144951713732444e+06
4.643144951713732444e+06
4.643144951713732444e+06
4.643144921741789207e+06
4.643144921741789207e+06
4.643144873288122937e+06
4.643144859290735796e+06
4.643144848498819396e+06
4.643144846231738105e+06
4.643144846231738105e+06
4.643144846231738105e+06
4.643144846231738105e+06
4.643144841560107656e+06
4.643144841560107656e+06
4.643144841560107656e+06
4.643144841157557443e+06
4.643144840093770996e+06
4.643144840093770996e+06
4.643144840093770996e+06
4.643144840093770996e+06
4.643144837195904925e+06
4.643144836527454667e+06
4.643144833591904491e+06
4.643144833591904491e+06
4.643144831726631150e+06
4.643144831288595684e+06
4.643144830948345363e+06
4.643144830231547356e+06
4.643144830231547356e+06
4.643144829335453920e+06
4.643144829065003432e+06
4.643144827781702392e+06
4.643144826726928353e+06
4.643144826726928353e+06
4.643144826726928353e+06
4.643144826649304479e+06
4.643144826035821810e+06
4.643144824520702474e+06
4.643144823951113969e+06
4.643144823479497805e+06
4.643144823088843375e+06
4.643144822765141726e+06
4.643144822496843524e+06
4.643144822144478559e+06
4.643144821652101353e+06
4.643144821652101353e+06
4.643144821228457615e+06
4.643144821228457615e+06
4.643144821116106585e+06
4.643144821009857580e+06
4.643144820819747634e+06
4.643144820577328093e+06
4.643144820091674104e+06
4.643144819853682071e+06
4.643144819853682071e+06
4.643144819853682071e+06
4.643144819608775899e+06
4.643144819398154505e+06
4.643144819224023260e+06
4.643144819079965353e+06
4.643144818960722536e+06
4.643144818861974403e+06
4.643144818678421900e+06
4.643144818495502695e+06
4.643144818344417959e+06
4.643144818135838024e+06
4.643144817954717204e+06
4.643144817805104889e+06
4.643144817681420594e+06
4.643144817562561482e+06
4.643144817431998439e+06
4.643144817262315191e+06
4.643144817216221243e+06
4.643144815673533827e+06
4.643144815673533827e+06
4.643144815673533827e+06
4.643144815673533827e+06
4.643144815673533827e+06
4.643144815673533827e+06
4.643144815673533827e+06
4.643144815282560885e+06
4.643144815204514191e+06
4.643144815204514191e+06
4.643144815204514191e+06
4.643144815204514191e+06
4.643144814928237349e+06
4.643144814928237349e+06
4.643144814928237349e+06
4.643144814928237349e+06
4.643144814872417599e+06
4.643144814811334014e+06
4.643144814744504169e+06
4.643144814676530659e+06
4.643144814620480873e+06
4.643144814537424594e+06
4.643144814468441531e+06
4.643144814411452040e+06
4.643144814364333637e+06
4.643144814325351268e+06
4.643144814265994355e+06
4.643144814226239920e+06
4.643144814196439460e+06
4.643144814159076661e+06
4.643144814110093750e+06
4.643144814076980576e+06
4.643144814045011066e+06
4.643144814001647756e+06
4.643144813948341645e+06
4.643144813948341645e+06
4.643144813948341645e+06
4.643144813943436369e+06
4.643144813920838758e+06
4.643144813900334761e+06
4.643144813866395503e+06
4.643144813816696405e+06
4.643144813808104023e+06
4.643144813800992444e+06
4.643144813777680509e+06
4.643144813752848655e+06
4.643144813732270151e+06
4.643144813715212047e+06
4.643144813681898639e+06
4.643144813664929010e+06
4.643144813639879227e+06
4.643144813619095832e+06
4.643144813596943393e+06
4.643144813574365340e+06
4.643144813570344821e+06
4.643144813555038534e+06
4.643144813535707071e+06
4.643144813521449454e+06
4.643144813516146503e+06
4.643144813493148424e+06
4.643144813474072143e+06
4.643144813474072143e+06
4.643144813459089026e+06
4.643144813445419073e+06
4.643144813434078358e+06
4.643144813424669206e+06
4.643144813416863792e+06
4.643144813410386443e+06
4.643144813405010849e+06
4.643144813400293700e+06
4.643144813388276845e+06
4.643144813377463259e+06
4.643144813364105299e+06
4.643144813353021629e+06
4.643144813343824819e+06
4.643144813336193562e+06
4.643144813328998163e+06
4.643144813321311027e+06
4.643144813314932398e+06
4.643144813305092975e+06
4.643144813275415450e+06
4.643144813246699050e+06
4.643144813222872093e+06
4.643144813203101046e+06
4.643144813186695799e+06
4.643144813186695799e+06
4.643144813184733503e+06
4.643144813181856647e+06
4.643144813171397895e+06
4.643144813154060394e+06
4.643144813154060394e+06
4.643144813143533655e+06
4.643144813133871183e+06
4.643144813129656017e+06
4.643144813127384521e+06
4.643144813125498593e+06
4.643144813123933971e+06
4.643144813122635707e+06
4.643144813121557236e+06
4.643144813120662235e+06
4.643144813118154183e+06
4.643144813114934601e+06
4.643144813111661002e+06
4.643144813111661002e+06
4.643144813107693568e+06
4.643144813104167581e+06
4.643144813101240434e+06
4.643144813098811544e+06
4.643144813096795231e+06
4.643144813096708618e+06
4.643144813091559336e+06
4.643144813086612150e+06
4.643144813082505949e+06
4.643144813079098240e+06
4.643144813076268882e+06
4.643144813076268882e+06
4.643144813075143844e+06
4.643144813071217388e+06
4.643144813070525415e+06
4.643144813068341464e+06
4.643144813066735864e+06
4.643144813063523732e+06
4.643144813060857356e+06
4.643144813058644533e+06
4.643144813056807965e+06
4.643144813055284321e+06
4.643144813054019585e+06
4.643144813052097335e+06
4.643144813049297780e+06
4.643144813046344556e+06
4.643144813043893315e+06
4.643144813041859306e+06
4.643144813039207831e+06
4.643144813035145402e+06
4.643144813031774946e+06
4.643144813028977253e+06
4.643144813026655465e+06
4.643144813024727628e+06
4.643144813023128547e+06
4.643144813021058217e+06
4.643144813018465415e+06
4.643144813016314059e+06
4.643144813014447689e+06
4.643144813012482598e+06
4.643144813010850921e+06
4.643144813009237871e+06
4.643144813007742167e+06
4.643144813006127253e+06
4.643144813004773110e+06
4.643144813003429212e+06
4.643144813002207316e+06
4.643144813001193106e+06
4.643144813000351191e+06
4.643144812999548391e+06
4.643144812998618931e+06
4.643144812997763976e+06
4.643144812996895052e+06
4.643144812996000051e+06
4.643144812995243818e+06
4.643144812994616106e+06
4.643144812994094566e+06
4.643144812993662432e+06
4.643144812993273139e+06
4.643144812992813997e+06
4.643144812992310151e+06
4.643144812991767190e+06
4.643144812991274521e+06
4.643144812990864739e+06
4.643144812990524806e+06
4.643144812990242615e+06
4.643144812989961356e+06
4.643144812989553437e+06
4.643144812989198603e+06
4.643144812988677993e+06
4.643144812988222577e+06
4.643144812988222577e+06
4.643144812988113612e+06
4.643144812987793237e+06
4.643144812987493351e+06
4.643144812987243757e+06
4.643144812987037934e+06
4.643144812986866571e+06
4.643144812986724079e+06
4.643144812986536883e+06
4.643144812986334786e+06
4.643144812986166216e+06
4.643144812986026518e+06
4.643144812985910103e+06
4.643144812985774130e+06
4.643144812985658646e+06
4.643144812985545024e+06
4.643144812985425815e+06
4.643144812985297292e+06
4.643144812985295430e+06
4.643144812985137105e+06
4.643144812985137105e+06
4.643144812985137105e+06
4.643144812985081226e+06
4.643144812984932214e+06
4.643144812984900549e+06
4.643144812984872609e+06
4.643144812984833494e+06
4.643144812984794378e+06
4.643144812984755263e+06
4.643144812984723598e+06
4.643144812984695658e+06
4.643144812984658405e+06
4.643144812984628603e+06
4.643144812984602526e+06
4.643144812984581105e+06
4.643144812984533608e+06
4.643144812984487973e+06
4.643144812984449789e+06
4.643144812984438613e+06
4.643144812984411605e+06
4.643144812984369695e+06
4.643144812984336168e+06
4.643144812984306365e+06
4.643144812984275632e+06
4.643144812984250486e+06
4.643144812984226272e+06
4.643144812984204851e+06
4.643144812984187156e+06
4.643144812984167598e+06
4.643144812984144315e+06
4.643144812984123826e+06
4.643144812984101474e+06
4.643144812984078191e+06
4.643144812984078191e+06
4.643144812984066084e+06
4.643144812984045595e+06
4.643144812984043732e+06
4.643144812984026037e+06
4.643144812984023243e+06
4.643144812984017655e+06
4.643144812984000891e+06
4.643144812983986922e+06
4.643144812983974814e+06
4.643144812983965501e+06
4.643144812983958051e+06
4.643144812983950600e+06
4.643144812983945012e+06
4.643144812983941287e+06
4.643144812983935699e+06
4.643144812983925454e+06
4.643144812983913347e+06
4.643144812983902171e+06
4.643144812983893789e+06
4.643144812983882613e+06
4.643144812983873300e+06
4.643144812983864918e+06
4.643144812983854674e+06
4.643144812983846292e+06
4.643144812983838841e+06
4.643144812983833253e+06
4.643144812983823009e+06
4.643144812983814627e+06
4.643144812983807176e+06
4.643144812983800657e+06
4.643144812983796000e+06
4.643144812983788550e+06
4.643144812983777374e+06
4.643144812983777374e+06
4.643144812983771786e+06
4.643144812983766198e+06
4.643144812983762473e+06
4.643144812983755954e+06
4.643144812983749434e+06
4.643144812983743846e+06
4.643144812983740121e+06
4.643144812983736396e+06
4.643144812983732671e+06
4.643144812983730808e+06
4.643144812983727083e+06
4.643144812983723357e+06
4.643144812983720563e+06
4.643144812983717769e+06
4.643144812983714044e+06
4.643144812983711250e+06
4.643144812983708456e+06
4.643144812983706594e+06
4.643144812983704731e+06
4.643144812983702868e+06
4.643144812983701006e+06
4.643144812983699143e+06
4.643144812983696349e+06
4.643144812983694486e+06
4.643144812983693555e+06
4.643144812983691692e+06
4.643144812983690761e+06
4.643144812983689830e+06
4.643144812983687967e+06
4.643144812983687036e+06
4.643144812983686104e+06
4.643144812983684242e+06
4.643144812983683310e+06
4.643144812983682379e+06
4.643144812983682379e+06
4.643144812983681448e+06
4.643144812983680516e+06
4.643144812983680516e+06
4.643144812983678654e+06
4.643144812983678654e+06
4.643144812983678654e+06
4.643144812983678654e+06
4.643144812983677723e+06
4.643144812983677723e+06
4.643144812983676791e+06
4.643144812983676791e+06
4.643144812983676791e+06
4.643144812983675860e+06
4.643144812983674929e+06
4.643144812983674929e+06
4.643144812983674929e+06
4.643144812983673997e+06
4.643144812983673997e+06
4.643144812983673066e+06
4.643144812983673066e+06
4.643144812983673066e+06
4.643144812983673066e+06
4.643144812983672135e+06
4.643144812983672135e+06
4.643144812983671203e+06
4.643144812983671203e+06
4.643144812983671203e+06
4.643144812983671203e+06
4.643144812983671203e+06
4.643144812983671203e+06
4.643144812983671203e+06
4.643144812983671203e+06
4.643144812983671203e+06
4.643144812983671203e+06
4.643144812983671203e+06
4.643144812983671203e+06
4.643144812983671203e+06
4.643144812983671203e+06
4.643144812983671203e+06
4.643144812983671203e+06
4.643144812983671203e+06
4.643144812983671203e+06
4.643144812983671203e+06
4.643144812983671203e+06
4.643144812983671203e+06
4.643144812983671203e+06
4.643144812983671203e+06
4.643144812983671203e+06
4.643144812983671203e+06
4.643144812983671203e+06
4.643144812983671203e+06
4.643144812983671203e+06
4.643144812983671203e+06
4.643144812983671203e+06
4.643144812983671203e+06
4.643144812983671203e+06
4.643144812983671203e+06
4.643144812983671203e+06
4.643144812983671203e+06
4.643144812983671203e+06
4.643144812983671203e+06
4.643144812983671203e+06
4.643144812983671203e+06
4.643144812983671203e+06
4.643144812983671203e+06
4.643144812983671203e+06
4.643144812983671203e+06
4.643144812983671203e+06
4.643144812983671203e+06
4.643144812983671203e+06
4.643144812983671203e+06
4.643144812983671203e+06
4.643144812983671203e+06
4.643144812983671203e+06
4.643144812983671203e+06
4.643144812983671203e+06
4.643144812983671203e+06
4.643144812983671203e+06
4.643144812983671203e+06
4.643144812983671203e+06
4.643144812983671203e+06
4.643144812983671203e+06
4.643144812983671203e+06
