4.660783693612063304e+06
4.660783693612063304e+06
4.659369053512807935e+06
4.659369053512807935e+06
4.659369053512807935e+06
4.658714698414288461e+06
4.658714698414288461e+06
4.658714698414288461e+06
4.657318448639871553e+06
4.657317288860329427e+06
4.657317288860329427e+06
4.657317269929796457e+06
4.657317269929796457e+06
4.657317269929796457e+06
4.657317269929796457e+06
4.657316361891955137e+06
4.657316361891955137e+06
4.655918705708725378e+06
4.655918705708725378e+06
4.655918705708725378e+06
4.655918705708725378e+06
4.655918705708725378e+06
4.655918705708725378e+06
4.655917989590617828e+06
4.655917989590617828e+06
4.655917989590617828e+06
4.655917989590617828e+06
4.655917989590617828e+06
4.655917989590617828e+06
4.655917989590617828e+06
4.655917989590617828e+06
4.655917989590617828e+06
4.655917989590617828e+06
4.655917879323368892e+06
4.655917862353398465e+06
4.655917811843359843e+06
4.655917811843359843e+06
4.655917537594046444e+06
4.655917537388464436e+06
4.655917537230451591e+06
4.655917537230451591e+06
4.655917537230451591e+06
4.655917517628534697e+06
4.655917517628534697e+06
4.655917517628534697e+06
4.655917507258448750e+06
4.655917507258448750e+06
4.655917507258448750e+06
4.655917495755382814e+06
4.655917454194115475e+06
4.655917452123679221e+06
4.655917452123679221e+06
4.655917452123679221e+06
4.655917439827013761e+06
4.655917439827013761e+06
4.655917429180111736e+06
4.655917427889399230e+06
4.655917422828963026e+06
4.655917422828963026e+06
4.655917420177973807e+06
4.655917419891270809e+06
4.655917419682417065e+06
4.655917418057575822e+06
4.655917405975058675e+06
4.655917402802215889e+06
4.655917400111884810e+06
4.655917397879317403e+06
4.655917396033179015e+06
4.655917394460446201e+06
4.655917394460446201e+06
4.655917392657414079e+06
4.655917392317239195e+06
4.655917389508916065e+06
4.655917389508916065e+06
4.655917389508916065e+06
4.655917389387613162e+06
4.655917389387613162e+06
4.655917389387613162e+06
4.655917389387613162e+06
4.655917389387613162e+06
4.655917389387613162e+06
4.655917388699814677e+06
4.655917388243366033e+06
4.655917387094486505e+06
4.655917387054687366e+06
4.655917387054687366e+06
4.655917386898292229e+06
4.655917386338260025e+06
4.655917385743541643e+06
4.655917385252100416e+06
4.655917384845699184e+06
4.655917384509414434e+06
4.655917384220238775e+06
4.655917384004095569e+06
4.655917383864996023e+06
4.655917383480606601e+06
4.655917383221996948e+06
4.655917382977771573e+06
4.655917382775351405e+06
4.655917382337167859e+06
4.655917382337167859e+06
4.655917382001049817e+06
4.655917381548300385e+06
4.655917381173809990e+06
4.655917381133144721e+06
4.655917380909573287e+06
4.655917380617455579e+06
4.655917380269795656e+06
4.655917379981866106e+06
4.655917379743318073e+06
4.655917379545621574e+06
4.655917379545621574e+06
4.655917379545621574e+06
4.655917379545621574e+06
4.655917379432574846e+06
4.655917379269577563e+06
4.655917379001149908e+06
4.655917378818377852e+06
4.655917378818377852e+06
4.655917378818377852e+06
4.655917378688449040e+06
4.655917378053473309e+06
4.655917377219828777e+06
4.655917376530441456e+06
4.655917375959997997e+06
4.655917375487731770e+06
4.655917375096580014e+06
4.655917375096580014e+06
4.655917375096580014e+06
4.655917374975316226e+06
4.655917374555466697e+06
4.655917374555466697e+06
4.655917374358110130e+06
4.655917374358110130e+06
4.655917374358110130e+06
4.655917374358110130e+06
4.655917374358110130e+06
4.655917373958069831e+06
4.655917373958069831e+06
4.655917373843898065e+06
4.655917373684011400e+06
4.655917373684011400e+06
4.655917373684011400e+06
4.655917373684011400e+06
4.655917373684011400e+06
4.655917373665505089e+06
4.655917373535441235e+06
4.655917373535441235e+06
4.655917373453356326e+06
4.655917373435048386e+06
4.655917373396537267e+06
4.655917373396537267e+06
4.655917373396537267e+06
4.655917373396537267e+06
4.655917373396537267e+06
4.655917373389577493e+06
4.655917373375525698e+06
4.655917371473966166e+06
4.655917175031946972e+06
4.655917175031946972e+06
4.655917175031946972e+06
4.655917175031946972e+06
4.655917175031946972e+06
4.655917172728968784e+06
4.655917172689350322e+06
4.655917172601525672e+06
4.655917172601525672e+06
4.655917172601525672e+06
4.655917172601525672e+06
4.655917172601525672e+06
4.655917172601525672e+06
4.655917172601525672e+06
4.655917172525351867e+06
4.655917172525351867e+06
4.655917172525351867e+06
4.655917172516490333e+06
4.655917172516490333e+06
4.655917172508150339e+06
4.655917172508150339e+06
4.655917172508150339e+06
4.655917172508150339e+06
4.655917172508150339e+06
4.655917172508150339e+06
4.655917172484431416e+06
4.655917172484431416e+06
4.655917172484431416e+06
4.655917172484431416e+06
4.655917172484431416e+06
4.655917172484431416e+06
4.655917172484431416e+06
4.655917172484431416e+06
4.655917172484431416e+06
4.655917172484431416e+06
4.655917172478811815e+06
4.655917172478811815e+06
4.655917172478811815e+06
4.655917172478811815e+06
4.655917172478811815e+06
4.655917172478811815e+06
4.655917172478811815e+06
4.655917172478811815e+06
4.655917172478811815e+06
4.655917172478811815e+06
4.655917172478811815e+06
4.655917172478811815e+06
4.655917172478811815e+06
4.655917172478811815e+06
4.655917172478811815e+06
4.655917172478499822e+06
4.655917172478499822e+06
4.655917172478499822e+06
4.655917172478499822e+06
4.655917172478499822e+06
4.655917172478499822e+06
4.655917172478499822e+06
4.655917172478499822e+06
4.655917172478087246e+06
4.655917172478087246e+06
4.655917172477872111e+06
4.655917172477872111e+06
4.655917172477872111e+06
4.655917172477872111e+06
4.655917172477872111e+06
4.655917172477872111e+06
4.655917172477872111e+06
4.655917172477872111e+06
4.655917172477872111e+06
4.655917172477872111e+06
4.655917172477872111e+06
4.655917172477872111e+06
4.655917172477872111e+06
4.655917172477872111e+06
4.655917172477872111e+06
4.655917172477817163e+06
4.655917172477817163e+06
4.655917172477817163e+06
4.655917172477817163e+06
4.655917172477817163e+06
4.655917172477817163e+06
4.655917172477817163e+06
4.655917172477817163e+06
4.655917172477817163e+06
4.655917172477817163e+06
4.655917172477817163e+06
4.655917172477817163e+06
4.655917172477817163e+06
4.655917172477815300e+06
4.655917172477813438e+06
4.655917172477813438e+06
4.655917172477787361e+06
4.655917172477787361e+06
4.655917172477787361e+06
4.655917172477787361e+06
4.655917172477787361e+06
4.655917172477787361e+06
4.655917172477787361e+06
4.655917172477782704e+06
4.655917172477782704e+06
4.655917172477778979e+06
4.655917172477758490e+06
4.655917172477758490e+06
4.655917172477758490e+06
4.655917172477758490e+06
4.655917172477758490e+06
4.655917172477753833e+06
4.655917172477753833e+06
4.655917172477753833e+06
4.655917172477753833e+06
4.655917172477753833e+06
4.655917172477753833e+06
4.655917172477753833e+06
4.655917172477753833e+06
4.655917172477752902e+06
4.655917172477752902e+06
4.655917172477752902e+06
4.655917172477752902e+06
4.655917172477752902e+06
4.655917172477752902e+06
4.655917172477752902e+06
4.655917172477752902e+06
4.655917172477752902e+06
4.655917172477752902e+06
4.655917172477751970e+06
4.655917172477751970e+06
4.655917172477751970e+06
4.655917172477751970e+06
4.655917172477751970e+06
4.655917172477751970e+06
4.655917172477751970e+06
4.655917172477751970e+06
4.655917172477751970e+06
4.655917172477751970e+06
4.655917172477751970e+06
4.655917172477751970e+06
4.655917172477751970e+06
4.655917172477751970e+06
4.655917172477751970e+06
4.655917172477751970e+06
4.655917172477751970e+06
4.655917172477751970e+06
4.655917172477751970e+06
4.655917172477751970e+06
4.655917172477751970e+06
4.655917172477751970e+06
4.655917172477751970e+06
4.655917172477751970e+06
4.655917172477751970e+06
4.655917172477751970e+06
4.655917172477751970e+06
4.655917172477751970e+06
4.655917172477751970e+06
4.655917172477751970e+06
4.655917172477751970e+06
4.655917172477751970e+06
4.655917172477751970e+06
4.655917172477751970e+06
4.655917172477751970e+06
4.655917172477751970e+06
4.655917172477751970e+06
4.655917172477751970e+06
4.655917172477751970e+06
4.655917172477751970e+06
4.655917172477751970e+06
4.655917172477751970e+06
4.655917172477751970e+06
4.655917172477751970e+06
4.655917172477751970e+06
4.655917172477751970e+06
4.655917172477751970e+06
4.655917172477751970e+06
4.655917172477751970e+06
4.655917172477751970e+06
4.655917172477751970e+06
4.655917172477751970e+06
4.655917172477751970e+06
4.655917172477751970e+06
4.655917172477751970e+06
4.655917172477751970e+06
4.655917172477751970e+06
4.655917172477751970e+06
4.655917172477751970e+06
4.655917172477751970e+06
4.655917172477751970e+06
4.655917172477751970e+06
4.655917172477751970e+06
4.655917172477751970e+06
4.655917172477751970e+06
4.655917172477751970e+06
4.655917172477751970e+06
4.655917172477751970e+06
4.655917172477751970e+06
4.655917172477751970e+06
4.655917172477751970e+06
4.655917172477751970e+06
4.655917172477751970e+06
4.655917172477751970e+06
4.655917172477751970e+06
4.655917172477751970e+06
4.655917172477751970e+06
4.655917172477751970e+06
4.655917172477751970e+06
4.655917172477751970e+06
4.655917172477751970e+06
4.655917172477751970e+06
4.655917172477751970e+06
4.655917172477751970e+06
4.655917172477751970e+06
4.655917172477751970e+06
4.655917172477751970e+06
4.655917172477751970e+06
4.655917172477751970e+06
4.655917172477751970e+06
4.655917172477751970e+06
4.655917172477751970e+06
4.655917172477751970e+06
4.655917172477751970e+06
4.655917172477751970e+06
4.655917172477751970e+06
4.655917172477751970e+06
4.655917172477751970e+06
4.655917172477751970e+06
4.655917172477751970e+06
4.655917172477751970e+06
4.655917172477751970e+06
4.655917172477751970e+06
4.655917172477751970e+06
4.655917172477751970e+06
4.655917172477751970e+06
4.655917172477751970e+06
4.655917172477751970e+06
4.655917172477751970e+06
4.655917172477751970e+06
4.655917172477751970e+06
4.655917172477751970e+06
4.655917172477751970e+06
4.655917172477751970e+06
4.655917172477751970e+06
4.655917172477751970e+06
4.655917172477751970e+06
4.655917172477751970e+06
4.655917172477751970e+06
4.655917172477751970e+06
4.655917172477751970e+06
4.655917172477751970e+06
4.655917172477751970e+06
4.655917172477751970e+06
4.655917172477751970e+06
4.655917172477751970e+06
4.655917172477751970e+06
4.655917172477751970e+06
4.655917172477751970e+06
4.655917172477751970e+06
4.655917172477751970e+06
4.655917172477751970e+06
4.655917172477751970e+06
4.655917172477751970e+06
4.655917172477751970e+06
4.655917172477751970e+06
4.655917172477751970e+06
4.655917172477751970e+06
4.655917172477751970e+06
4.655917172477751970e+06
4.655917172477751970e+06
4.655917172477751970e+06
4.655917172477751970e+06
4.655917172477751970e+06
4.655917172477751970e+06
4.655917172477751970e+06
4.655917172477751970e+06
4.655917172477751970e+06
4.655917172477751970e+06
4.655917172477751970e+06
4.655917172477751970e+06
4.655917172477751970e+06
4.655917172477751970e+06
4.655917172477751970e+06
4.655917172477751970e+06
4.655917172477751970e+06
4.655917172477751970e+06
4.655917172477751970e+06
4.655917172477751970e+06
4.655917172477751970e+06
4.655917172477751970e+06
4.655917172477751970e+06
4.655917172477751970e+06
4.655917172477751970e+06
4.655917172477751970e+06
4.655917172477751970e+06
4.655917172477751970e+06
4.655917172477751970e+06
4.655917172477751970e+06
4.655917172477751970e+06
4.655917172477751970e+06
4.655917172477751970e+06
4.655917172477751970e+06
4.655917172477751970e+06
4.655917172477751970e+06
4.655917172477751970e+06
4.655917172477751970e+06
4.655917172477751970e+06
4.655917172477751970e+06
4.655917172477751970e+06
4.655917172477751970e+06
4.655917172477751970e+06
4.655917172477751970e+06
4.655917172477751970e+06
4.655917172477751970e+06
4.655917172477751970e+06
4.655917172477751970e+06
4.655917172477751970e+06
4.655917172477751970e+06
4.655917172477751970e+06
4.655917172477751970e+06
4.655917172477751970e+06
4.655917172477751970e+06
4.655917172477751970e+06
4.655917172477751970e+06
4.655917172477751970e+06
4.655917172477751970e+06
4.655917172477751970e+06
4.655917172477751970e+06
4.655917172477751970e+06
4.655917172477751970e+06
4.655917172477751970e+06
4.655917172477751970e+06
4.655917172477751970e+06
4.655917172477751970e+06
4.655917172477751970e+06
4.655917172477751970e+06
4.655917172477751970e+06
4.655917172477751970e+06
4.655917172477751970e+06
4.655917172477751970e+06
4.655917172477751970e+06
4.655917172477751970e+06
4.655917172477751970e+06
4.655917172477751970e+06
4.655917172477751970e+06
4.655917172477751970e+06
4.655917172477751970e+06
