2.668761562433600147e+02 7.710664035498080437e+00
2.490709390425105880e+02 4.890841468602535969e+01
2.557555838686228356e+02 1.255821119553286849e+02
2.598980267025473836e+02 1.946291299833529109e+01
1.878989634446814705e+01 4.651105496203120282e+01
4.814266518993466804e+00 2.432667301962027295e+01
2.391962064035007813e+02 9.138705105923687455e+00
2.580282559595540306e+02 4.448836240973825795e-01
1.881625400827829537e+02 2.170151521823351004e+01
1.002554602057561652e+02 5.097935305670724659e+01
2.587128748876490931e+02 1.533875631705012310e+01
3.362424607972094748e+01 4.757494379419719621e+01
2.679162511504237045e+02 -7.340527690701263097e+00
2.204794014169777938e+01 4.804908344654435837e+01
2.759579872883388703e+02 2.765289149066747854e+01
1.121089378594608377e+01 2.801807161900365628e+01
2.599891873260914394e+02 4.021915741777441156e+01
2.416373420989957026e+02 5.644056943138477322e+01
2.816683420600161298e+02 1.761498545910858127e+01
2.687592505855315039e+02 1.518652323121236591e+01
2.193171408658445785e+02 1.930806403597816612e+01
2.078975794256349729e+02 3.253307964885954817e+01
2.835011680449237303e+01 6.126517059687720490e+01
1.745805958675205005e+01 5.585657424009223604e+01
2.338687321801831160e+02 4.775453414707540389e+01
2.654994287263116917e+02 1.379706909122914027e+01
2.631191269162071649e+02 1.363683741473693090e+01
2.610860337073433968e+01 3.053925937572662619e+01
2.555817035070465408e+02 1.450339397567323019e+01
2.101335810405282700e+01 4.921695016634893705e+01
1.273719989694986410e+01 3.246524756070541429e+01
1.285030502104505956e+01 2.275945227645637914e+01
2.643491699531047061e+02 -3.079796071762129994e+00
2.580129977194945354e+02 1.900123157886440239e+01
2.447590051745467576e+01 3.647432471523206488e+01
1.388677368673644708e+01 5.205027831015510742e+01
4.042562734686017478e+01 4.424768030992480305e+01
2.667754006359903087e+02 7.762693876992464936e+00
4.690516052911574008e+01 4.090533642290377259e+01
2.556945342979563236e+02 2.249447464326964408e+00
2.684415542449742631e+01 5.744105228818056474e+01
2.657973787477722567e+02 1.923829714660140411e+00
4.302003723254707523e+01 3.559464644982227810e+01
2.366319859688043792e+01 5.277246957082196133e+01
2.611826181172621659e+02 1.139937877233512751e+02
2.526301317129793347e+02 -1.189303522476750086e+00
2.295714092131199280e+01 3.936803852874231779e+01
3.571688036544807687e+01 6.219045250105960321e+01
2.576623817567900119e+02 -6.875873538747605984e+00
4.426811806275874517e+01 2.311027732018640535e+01
1.640046579005114324e+02 2.221887242895306258e+01
2.185397659495875189e+02 3.197392429713448792e+01
2.572250156226551212e+02 6.636788633978450491e+01
1.446804576224945151e+02 8.340213418808595236e+01
2.768552224734959850e+02 1.086368250385369905e+01
2.756220954563322039e+02 2.405174571600384326e+01
2.496977992695979935e+02 2.052889664066483988e+00
1.948739119073606503e+02 4.170056348556359893e+01
2.494758351540116621e+02 5.044988310457835468e+00
2.716111801326972568e+02 1.757027369733956590e+01
2.422609048479029923e+02 4.944397131329701267e+01
2.850418519443373810e+01 4.734907925754487934e+01
2.711223834970466555e+02 1.933064714542610929e+01
2.741790329315168719e+02 6.745859471941079377e+00
2.533264679189234414e+01 3.176396249677390315e+01
2.633685185959010369e+02 2.418309320489215608e+01
3.092708642176260270e+01 4.752647390730248134e+01
1.526548015364031130e+02 3.301035566484245720e+01
2.484170111565299521e+02 5.084788872080314270e+00
2.538394930097995825e+02 3.910603339140869217e+00
2.597927888081617880e+02 7.087552253310283490e+00
2.680798176730687032e+02 7.160051064669177734e+00
2.733443971994666413e+02 2.435746027048242013e+01
2.788288657336691472e+02 7.828750734930203237e+00
1.843786840835251795e+01 4.652979752240453593e+01
1.591339629529306166e+01 3.000155317352191986e+01
2.129463903654829338e+01 4.105807442072784141e+01
2.429805766533322640e+02 -6.795480452991800036e-01
2.291333041333198040e+01 2.893983511439052592e+01
2.432536414836069412e+02 4.544782267231305894e+01
2.722939293788330701e+02 1.717222820792662219e+01
2.512440157351192624e+02 1.175880814763919169e+01
2.089384734737521399e+02 4.481187370865247033e+01
2.574558251221087062e+02 2.799443089872038826e+00
1.821678791749723132e+02 1.204825438691439210e+00
1.252583117078088435e+02 1.629628581011729693e+01
2.400943040962338415e+01 5.267569088878555306e+01
2.379517306768635194e+02 6.696160121722031988e+01
2.485863378944718818e+02 9.801371352802166825e+01
1.446013896396881080e+02 2.545780237301875815e+01
2.546535753748654827e+02 3.819641960272406322e-01
2.769374170106218003e+02 4.940634415355972031e+00
1.606454096214442870e+02 3.473296689263507631e+01
2.019561816804392151e+02 2.946606391174879036e+01
2.697305894771504882e+02 6.956183703299778642e+00
2.690965299206844179e+02 1.286670287641232768e+01
2.409762204016755618e+02 4.969161765591806557e+01
2.454513327531524567e+02 -4.267235624630204782e+00
2.549367435251871541e+02 1.375809845615100713e+01
1.332581004065748118e+02 8.283933501909812946e+01
2.628453792537727622e+02 5.003091668321077989e+00
2.623313851542544057e+02 9.257846760366351901e+00
2.576575844472737913e+02 4.871809797899976502e+01
2.318375241339381319e+02 -5.759586342206094223e+00
2.632240103548314281e+01 4.454078142851030719e+01
1.280883455274914695e+02 8.701745192439606313e+00
1.656885844844501321e+02 1.929850527023708295e+00
2.592969521236089463e+02 5.891404703852409774e+00
2.602728951152945456e+02 -4.715447343737823260e+00
2.951302900495090142e+00 3.575730059097049462e+01
1.395410823360563484e+02 1.238856325556773719e+01
9.978465024763414348e+00 1.854438481302759101e+01
1.392145607813384629e+02 1.069319580068714401e+02
2.348298879197513145e+02 9.231157649725002301e+00
2.087844784182001092e+02 9.450324622853401024e+01
1.991766853493546563e+01 4.540676441368164262e+01
8.140364876854423670e+00 3.426633411211160762e+01
2.614667597138108022e+02 -2.195943168700746018e+00
2.505076129014729531e+02 1.963671422153901958e+01
1.449846882881317924e+02 2.984590361886790078e+01
2.133825643063451949e+01 5.491795624775004825e+01
2.676550260762435869e+02 1.164789102545688415e+01
2.530946595431735204e+02 3.718312441387317868e+00
1.893664876128570995e+02 1.895570868765933170e+01
2.529717176703745167e+02 3.983807215170207527e-01
8.574519162394587113e+00 1.321700765569901215e+01
3.373786995001109545e+01 4.011044218288049734e+01
4.155280135484088788e+01 3.638720527474700361e+01
2.453874543218955750e+01 3.620752300603538032e+01
2.427985403591419811e+02 -3.830151347588644839e+00
3.173294288335536351e+01 4.499531155630394608e+01
2.565899497674090526e+02 1.635936480907892587e+01
2.034270895857301866e+02 -1.904947960172975741e-02
1.818567201111829945e+01 5.003229353057727735e+01
2.810916870210523939e+02 8.454191641837686788e+00
2.731492256592650847e+02 2.632799705637948406e+01
2.746730505073409176e+02 1.663591831070304394e+00
2.740242568104444558e+02 2.192556829088077031e+00
2.800154553414794805e+02 2.281946401441420846e+01
2.697884513090166365e+02 1.384081958570194892e+01
2.686108724637905425e+02 1.792824339347437501e+01
2.845036530531463015e+01 5.074135209283170411e+01
1.400028957621453429e+01 5.984944228849416703e+01
1.554640043968198597e+02 1.432877934243579254e+01
2.659204824482687854e+02 2.354160956111325831e+01
2.773920302391640575e+02 5.811845798622776726e+00
2.761311207134219785e+02 1.025919902008435081e+01
2.238843838137943010e+02 4.267749830534025790e+01
2.668093544206291199e+02 1.457032851652916783e+01
2.634978630851497883e+02 3.932673950314352851e+01
2.519539067585586167e+02 4.301036434945455511e+00
2.215555620878683953e+02 2.434868289067964398e+01
3.057934988330467618e+01 3.037593340009162191e+01
2.725148932853452948e+02 1.601049364023730348e+01
2.657806165717433373e+02 -1.066501531085126686e+00
2.363885310968000653e+01 6.298573909785082492e+01
2.498022702150913972e+02 6.920327269839950723e+00
1.770353082486429628e+02 -1.684885430353535440e-01
2.740626420248125328e+02 3.045394107256601046e+01
2.899644969022897456e+01 3.311214238595643167e+01
1.665042980344997545e+02 3.447278563088711500e+00
2.661922163590535888e+02 2.520590854433435446e+00
2.594384918535168936e+02 8.624778372909393198e+00
7.190482796167113833e+00 4.817642913707221908e+01
2.328708124245154352e+02 9.694048856068052089e+01
2.658000752119330627e+02 2.168452545163149381e+01
2.592487154720739113e+02 1.818804471284489921e+01
9.414585675376947904e+01 4.073284369154626461e+01
2.414802326510098851e+02 4.561095608964073733e+01
8.427432927544053598e+01 8.223099771951402204e+01
2.753322144841359318e+02 3.940630716760045260e+01
1.735354639037761046e+02 2.752372714872741000e+01
2.783663991871540020e+02 2.728222245092522513e+01
9.057225100930637041e+00 2.923972484762877855e+01
2.246667088073772902e+02 1.050871362179098725e+02
1.212948046505614172e+02 1.006324760377251977e+02
2.498414552296604256e+02 5.165839962888549763e+01
2.701303912198515604e+02 -5.182946621266402154e+00
2.198513552837881946e+01 1.218071402703293060e+01
2.785007063501818152e+02 2.345627514749985210e+00
5.319798997178592614e+00 1.136402784119156308e+02
2.829507805672970449e+02 3.493744519365211687e+01
3.153222739333237001e+01 2.988651339235082105e+01
1.031070518852456530e+01 2.319036081583037401e+01
2.603250478451125218e+02 1.649479374537024512e+01
2.666365482444354029e+02 8.299798405949466940e+00
1.616681740536791665e+02 6.901978336021362281e+01
1.765527752066773814e+02 1.039372735564149508e+01
2.812313140685000690e+02 1.880454203658428725e+01
2.512767434652016050e+02 -1.746533529578112809e+00
2.569678261672111717e+02 1.489545943895589808e+01
2.433024488252041238e+02 3.656396021028220034e+00
2.753547367477250418e+02 2.719472639994686602e+01
3.606086116795081864e+01 2.448441007373144984e+01
2.745320026290598321e+02 3.133054317648634957e+00
1.214154269862831654e+02 1.233121495679007573e+01
4.228333961432011279e+01 4.130372197304015458e+01
2.421749235752161269e+02 1.100882253736602756e+00
1.328034954615517904e+02 1.113785633835952993e+01
1.938558409212103015e+02 3.244150715107245730e+01
-1.729749814917948214e+00 3.507581601351306944e+01
2.519559038649272509e+02 2.990495940978312284e+00
2.720656957072456521e+02 1.755979105342263580e+01
2.757477823700841100e+02 1.301845861684382655e+01
2.538940193001885461e+02 1.340047619759053532e+01
2.548428352425779053e+01 5.553482648091557650e+01
2.646613878307869641e+02 -2.075404258598678275e+00
2.674630705398908503e+01 1.143652101860547177e+01
1.901505194695345722e+02 3.331160689437314915e+00
2.780097321105720312e+02 8.408521842457828299e+00
2.754458335495298229e+02 3.890818730873174047e+01
2.784289061624021500e+01 6.082050973612224709e+01
8.156849856915643571e+00 2.300016701773187222e+01
2.759328400795452580e+02 1.796384299385467642e+01
2.591855689136741603e+02 2.056972952905001151e+01
2.663354742069903835e+01 1.806413013340500839e+01
2.536121784335766733e+02 1.355085057275705829e+01
2.406315206880104824e+02 8.591307709152927075e+00
1.633451676650310844e+02 3.264354127938344163e+01
2.334277414803608863e+01 -3.447241167285353569e+00
2.490565089260076093e+02 5.748479945734148799e+01
2.563800386939007012e+02 -4.457138276967960167e-01
2.744443551355136037e+02 2.346672170897760168e+01
2.732731795944136479e+02 6.561630940626351993e+00
1.576680767771403566e+02 8.933831237189156838e+00
2.499405661092272055e+02 1.964334953991395949e+01
2.524062371145587065e+02 -5.696793182497705388e+00
3.907467475544984836e+01 4.300660238478335629e+01
2.548503025950955134e+02 -5.406847964376021665e+00
2.723570392587509446e+02 2.205153919953162500e+01
2.082650331788296327e+01 5.458928425314196176e+01
2.767752047109420914e+02 3.505181292669578141e+01
2.840300126502329476e+02 1.230941972601820211e+01
2.193440577223482535e+02 4.094944144348140469e+01
2.753203732068914746e+02 1.302705320079386375e+01
2.609527277459340553e+02 9.318961987414843051e+00
2.787364100230371946e+02 2.524244788332271838e+01
2.725451051425408195e+02 2.126327552436001866e+01
2.568824870117906016e+02 9.422561977942635281e+00
1.944398680765595486e+02 2.344518658436781067e+01
1.540716456177767100e+02 3.524386417966424290e+01
3.082342393565653893e+01 4.177652518442030782e+01
2.505335970126022005e+02 1.065341571103486586e+02
2.294703594745340354e+02 1.081735966215321127e+02
2.537375949814889964e+02 1.357496390755485827e+01
2.531035144225302815e+02 -4.015066818999330600e+00
2.722001084918333618e+02 1.216924403735222349e+01
2.718988935903158222e+02 2.075821053021547158e+01
1.423339560363812950e+02 8.871385498045010820e+01
2.494413511848147778e+02 -3.387454219407844747e+00
2.299032148496652042e+02 5.489001519098221138e+01
2.598733713253009796e+02 1.004478294531180005e+01
2.083476985865608810e+02 3.142438423429504724e+01
2.657293773370674899e+02 5.306955673207523816e+00
2.712889296550670792e+02 3.960148759009559427e+00
2.308687870620552474e+01 2.053926864178365364e+01
2.331102593747473861e+01 3.247512743327892082e+01
2.530601717193067088e+02 3.725578452283753172e+00
2.579069982066428679e+02 5.478502643826539398e+00
2.748664381961746130e+02 2.976132471377884414e+01
2.736744528951138022e+02 4.758467260393036469e+00
2.530382833080180092e+02 5.168031159023604459e+01
2.555725818569812020e+02 4.203575836984552438e+01
2.601091805124214034e+02 3.890756240463598914e+00
1.510406099690729853e+01 3.585034708704277051e+01
2.536276941626454686e+02 2.084117002518472006e+01
2.461483528847508353e+02 -3.138159747284697154e+00
2.769379225900657389e+02 1.003426359863434669e+01
2.512046766055124465e+02 2.236669738410041219e+01
2.527718704964787122e+01 4.162943731909906830e+01
2.012259764347998612e+02 2.434251606909202081e+01
1.573120444257005204e+02 1.755845429190652496e+01
1.628243114285557454e+02 3.317862593366443491e+01
1.590577775065602566e+02 6.991939343989143296e+00
1.788601196129528716e+02 1.419061356321711642e+01
2.593869945429455726e+01 7.397234001588772401e+01
2.553331530233841704e+02 -4.390479001060145769e+00
1.846591257347915160e+01 5.003133012517452016e+01
2.655788432775246406e+02 9.482231127086897970e+00
2.599105540432950079e+02 7.141197853977871546e+00
2.928095592757301802e+01 3.810380860381849288e+01
2.624757462529374834e+02 2.145917561776695592e+01
2.695885650724588913e+02 1.037235329666569150e+01
1.249311096156021392e+02 1.278633653562162742e+01
2.848739663119284842e+02 1.492422128002267989e+01
1.960909220074589854e+01 2.774465833490268452e+01
2.435795630219059547e+02 1.276703344113366256e+01
2.586399334778966477e+02 1.731869529314453970e+01
1.960137120730843776e+02 4.404231501504681034e+01
2.686531504567419688e+02 2.292948988419321310e+01
2.736870488831845591e+02 2.573901354539649589e+01
1.793538940912154658e+02 5.814810482862638352e+00
2.610880835552675876e+02 1.103077544034604074e+01
3.564285299516657624e+00 5.028380100042587486e+01
2.736999766377800825e+02 1.580792572357417924e+01
2.104490557808556872e+01 4.108840892394825772e+01
2.621001953821367465e+02 7.660286965522342228e+00
1.642770578367557164e+02 1.857216606940066583e+01
3.418869833635597644e+01 3.529112199208349665e+01
2.516564224728268329e+01 5.237780554709138414e+01
2.549350710904808466e+02 1.956965786505277549e+01
2.608944214224781035e+02 1.904370791239629312e+01
3.584767995472093816e+01 4.772468260126791506e+01
2.698773974126730195e+02 1.237583705044563587e+01
1.854932183026053849e+02 3.924374219745805803e+00
2.607897659988284431e+02 1.000138783214051763e+01
1.910888345960512709e+02 1.576155017780311773e+01
2.248830774124027982e+02 1.024831628948911799e+02
2.611443007928204452e+02 1.238990740806031532e+01
2.442970218757406542e+02 4.555113822274436330e+01
1.463321568666591688e+01 4.305933633563964236e+01
2.037533680113994023e+02 2.618122791327068910e+01
2.778793919984929630e+02 2.222562082365672254e+01
2.655496908120385342e+02 1.038835627820118290e+01
2.395497362516139503e+02 5.419845929910218985e+01
2.092133527491568259e+02 1.057395824929633363e+02
2.751725029256090806e+02 3.494158973418230829e+01
2.517138093389181108e+02 1.180904891740990514e+01
1.766466100355546871e+02 6.529690471095404902e+00
3.094377346680103713e+01 5.172073887636844347e+01
2.724927778241480496e+02 5.538738947302728199e+00
2.542947227664500645e+02 5.212053578868966497e+01
3.218967594257496501e+01 4.537994296454153442e+01
2.624683754772650559e+02 3.225994471234636229e+00
1.613706628578331248e+01 4.208516110249327369e+01
1.796641399787339921e+01 4.432439273115313227e+01
2.784426288927850237e+02 6.232230909754509440e+00
2.080969361352840963e+02 2.253689381293861516e+01
2.748494675038075457e+02 2.627397237244622019e+01
4.170305547134054081e+01 4.057500770106655352e+01
2.694317345971131203e+02 1.139391642602454802e+01
2.590917363820137211e+02 1.979496923895594662e+01
2.619966833240019355e+02 6.317758821745732334e+00
2.627892921905072399e+01 4.986257657374157048e+01
1.572292401000410500e+01 3.361800161392748976e+01
2.565801701093628822e+02 1.571273450043838338e+01
2.640572530724146532e+02 1.340972507047202100e+01
1.176378970496324428e+01 1.659828779324124426e+01
1.553180821011142996e+02 1.676044878897759816e+01
2.691482003099750386e+02 7.169022090401185210e+00
2.536121217234989729e+02 1.090091939928661979e+01
2.646307706535126272e+02 8.056437121705332771e+00
2.454428419360951921e+02 -3.308379920270976271e-01
3.000051661282748228e+01 3.757566070635247968e+01
2.456931060923275538e+02 5.195110818639374628e-01
2.709781382015799522e+02 1.203489733074984258e+01
3.205932577987610443e+01 3.936081662955093918e+01
2.593509347037980319e+02 8.986094418669368977e+00
1.650998811111075426e+01 2.980818670454747377e+01
2.736291025940663530e+02 2.300366321696097316e+01
2.547409530624791216e+02 5.226770619286028818e+01
1.041813608744120074e+02 5.030271667551883752e+01
2.396934096913239784e+02 1.083092599256530697e+01
1.699906374723988733e+01 5.284740296950197802e+01
1.622653126618181432e+02 4.124300578823677910e+01
6.865397761087195683e+00 2.786585302814368958e+01
1.624238854900269757e+01 2.301002263846010010e+01
2.343340339388076643e+01 2.628914871607969772e+01
2.086501683143553976e+02 1.074388383520365551e+02
2.441364977918665602e+01 5.237416133233258364e+01
2.479749610959179407e+01 5.087984784838607766e+01
4.731011295854940180e+00 4.855801927587262412e+01
1.059228624902321414e+01 3.354809300966813623e+01
9.918160568260258714e+00 3.679125285738432183e+01
2.155746203072953193e+01 3.642757254517673005e+01
2.504596450939490069e+02 5.672709241452583484e+01
7.403047541987703539e+00 2.772452667649910296e+01
2.599357716910818112e+02 2.653524581900348522e+01
2.133288931324357662e+01 3.806025001134539565e+01
2.760410162422265898e+02 1.508350463703962241e+01
2.847018015129972923e+02 2.860969894100886179e+01
2.776487088236895033e+02 4.364136343138029339e+00
9.205804562391902479e+00 1.211664847104546681e+02
2.446847072569161128e+02 5.443660213930979808e+01
2.687729091962607981e+02 2.491898093809660608e+01
2.617280368997875257e+02 7.861991458488667206e+00
1.506131369898843388e+02 2.554406193071612563e+01
2.748969402064976180e+02 1.151674176797116544e+01
2.869385148562521692e+01 3.721734388586106945e+01
1.580369039168779750e+02 1.243557275782496774e+01
2.688891912566738256e+02 3.342865745310740877e+00
2.609857442575229811e+02 4.375820149982034835e+00
9.683046884706047308e+01 4.187260089247286032e+01
2.700999704017278447e+01 4.649572920938343401e+00
2.476644324320051851e+02 7.312499438229118631e+00
2.574249809581759223e+02 -2.533612315480052501e+00
8.448773742703313161e+00 2.535351946461639372e+01
1.494320965689148863e+02 1.646754951170849779e+01
2.697645202446165058e+02 9.823080252727303119e-01
2.744002101642215621e+02 1.828075758353516278e+01
1.279016857612711355e+01 4.482581256835881334e+01
2.777810304337218099e+02 1.489239128425169589e+01
1.357087987594942824e+01 4.824489174473620778e+01
2.446912982783644566e+02 6.018435964093631441e+01
2.605746458023925811e+02 -1.310377624916377215e+00
2.523556904995703576e+02 -1.055682482301201652e+00
2.214225660098540871e+01 5.418405030828747471e+01
2.463138248765486082e+02 4.483240645427827964e+00
2.654137907276685269e+02 2.680998623031176464e+01
2.281279808583272199e+02 5.450675941139225245e+01
2.548762564268633639e+02 8.271186408728528505e+00
2.501510556205260514e+02 6.887796475876491797e+00
2.226277236712026308e+02 1.051263533438091571e+02
2.510042497481628345e+02 1.912015858887252762e+01
2.715913844153197942e+02 8.793277709903146722e-01
2.592335911666380071e+02 2.121088491522616337e+01
2.084047045536717491e+01 3.655927807241469196e+01
2.622792854583224198e+02 6.200552546612088634e+01
3.451966962269094097e+01 7.908166463708670335e+01
1.875768424841959714e+00 4.125044914891972780e+01
1.366388390167630860e+02 -3.314407970599098974e+00
2.511625381734026519e+02 4.951526612176516906e+00
4.710015569870445518e+01 3.370555211390060890e+01
2.676805066181605071e+02 2.619344020035056175e+01
2.742126446800089639e+02 1.114364390569727803e+01
2.044287760158022422e+02 1.597694527644792828e+01
1.255146232170718577e+02 7.017046653592417194e+00
2.707963684265918118e+02 2.044737774283413856e+01
2.653876665682487896e+02 -2.356770962674618275e+00
1.786552288137064011e+02 3.369433725911655131e+01
2.646055775397403522e+02 5.142477716858027748e+01
1.285339289840888455e+01 3.826974301782086485e+01
2.629248609897734923e+02 4.493734213088396245e+01
2.710629367984249711e+02 2.390851690239541583e+01
1.544150060427111804e+01 3.753333967743249389e+01
1.485455837101973842e+01 2.836787994902636001e+01
2.741906687238182627e+01 3.205629767679143072e+01
2.529306085770147945e+02 5.858328973452020705e+01
2.638037326128338691e+02 9.150505335907713089e+00
2.853363514227102087e+02 8.793076100631729730e+00
2.758218823729828983e+01 4.395412211159278826e+01
2.681177930302079631e+02 1.148344836994702156e+01
2.564218598476502393e+02 3.972199927186544244e+00
2.490258755761484792e+02 4.439162415612075563e+01
2.567864423010589690e+02 3.848159159642715110e+01
2.790889288821800278e+02 2.058060353322646918e+01
2.491521502995360322e+02 5.955720543298123459e+01
1.595239196572529039e+01 3.373946622627344283e+01
2.811333758424729012e+02 2.848792439366414087e+01
1.121748254076040183e+02 1.019775077095292630e+02
2.650097813879768296e+02 1.764128170729512846e+01
2.589036348725351786e+02 6.154568438388034579e+00
2.224501388612815731e+02 2.285207542804611691e+01
2.732898236655929054e+02 2.485307288247714297e+01
1.841296386368110802e+02 1.365174396431347859e+01
1.914615026814539078e+02 2.488544566051687212e+01
1.453331512220205823e+01 5.622739748561028961e+01
2.580898839546900376e+02 -2.492086441256722296e-01
2.682876885361167751e+02 1.532331893931324629e+01
2.544199655665768205e+02 1.537409448742706175e+01
3.916104854264919055e+01 2.811126052304866363e+01
2.704501717930121458e+02 2.279815175281338213e+01
2.567189172985235359e+02 -6.674621583893369792e-01
2.528367430610155111e+02 1.785932195781929011e+01
2.754594222602368063e+02 2.920211117607148310e+01
2.487945568407041890e+02 -1.702289475633820715e+00
2.524474025325090167e+02 5.129261353987384098e+01
2.642216547872144474e+02 5.710435462392968731e+00
2.733786609552703908e+02 6.215002362379030920e+00
2.655390613506005479e+02 1.478594934988293907e+01
2.565297607877205337e+02 2.245601023702049304e+01
2.813783190504992717e+02 2.615910616514825904e+01
2.740957324441791911e+02 7.901727074324252698e+00
1.494251060652407546e+02 2.148262963220728494e+01
2.536191629694560845e+02 -3.545904986915914048e+00
2.707984839308379605e+02 1.889647319348675225e+01
2.410689570427747128e+02 4.067202403686653867e+01
2.695143289378365807e+02 1.677726078568436918e+01
2.668218238603511736e+02 1.031590029203326964e+01
2.111982454197453194e+02 4.715120715486533243e+01
2.610247273377161719e+02 9.201371412518204451e+00
2.747321547846785847e+02 -7.494755569917009197e+00
2.626889340254280683e+02 1.701676933832670358e+01
2.420723416626352389e+02 7.668606400817040480e+00
1.114251064056802321e+01 3.892574815640425356e+01
4.395684631162799860e+01 4.874387812202223813e+01
2.544041106956265139e+02 3.977133101086663913e+01
1.516878588388316871e+02 -6.625222716769734177e+00
2.095924853666179288e+01 1.821747064700932128e+01
2.716693216716341226e+02 1.521645190366665545e+01
1.931382597249344144e+02 3.429043345696486966e+01
2.391357167009925604e+02 5.271635282792374966e+01
2.626070203701009405e+02 1.457446470630011071e+01
1.917307551925817677e+02 1.958821821509486938e+01
2.415732253500306967e+02 5.684888740190236689e+01
2.751125364671912621e+02 2.528221556492438893e+01
1.935343831096262477e+02 3.174836111751015721e+01
2.789652811150856451e+02 1.294295262594451756e+01
2.658805054528454548e+02 5.930587266779985711e+00
2.426739802148254199e+01 3.754460878013883018e+01
2.310242135536622143e+01 3.716561042043806395e+01
2.546010651748343605e+02 9.958645985791447330e+00
2.396661043061301939e+02 5.137604055057920505e-03
2.626227133203400967e+02 3.880171518649488505e+00
2.481116799739288297e+02 5.140938032311623118e+01
2.803745170706750400e+02 -5.027337879573133606e+00
2.655180364075478678e+02 1.726632993379592307e+00
8.923424516871435230e+00 4.732211164881028509e+01
1.832150591823087282e+01 8.656718550610314367e+00
1.508915559462340639e+02 9.274904884658694115e+00
8.505402874524301993e+00 3.563502341239014015e+01
2.273412133672357172e+01 1.145513334160511363e+02
2.613294038448669312e+02 2.096677444300851789e+00
-5.184668976469342994e+00 5.845038754470480313e+01
2.895208036783666472e+01 4.299957854064671636e+01
2.878984309301466737e+02 1.279071782454810879e+01
2.662680446913468018e+02 1.449400187400896733e+01
2.731437807605809098e+01 5.295356914138724136e+01
3.699101112164968441e+01 5.513306825657215882e+01
2.258389910725069853e+02 3.806031418427462398e+01
2.283934970697194444e+01 5.664398058670469283e+01
2.586816639655489780e+02 1.736508831644634299e+01
2.510273036548671826e+02 -5.749121920133936747e+00
2.328529753111143350e+02 1.339484706751922438e+00
2.249734253269130875e+02 4.982362681657644998e+01
1.445263473369904261e+02 9.654523022635277130e+01
2.628132299540521188e+01 3.265814586184834667e+01
2.539326759427298157e+02 6.250933928828849240e+00
2.218182637275183708e+02 1.094483168640732345e+02
1.157903621364097901e+01 2.569882246131642489e+01
1.831239613325882090e+02 1.980190685558154939e+01
1.721235059536909517e+01 5.029086538976851273e+01
2.701652261472602277e+02 3.230916799458917854e+00
2.357209982744561785e+02 1.342044653532482243e+02
2.641583159012332089e+02 2.423622129811006687e+01
2.404753253839208753e+02 2.333378569155911464e+01
2.166500090390410662e+02 9.652572675655420653e+01
2.648926329098517840e+02 3.435953979081725862e+01
2.659770108239582669e+02 4.190865938901893628e+00
1.657253817953332202e+02 8.001992723458561940e+00
2.741352414131550290e+02 2.200743273799418631e+01
2.617384511213477367e+02 1.683826862699959293e+00
1.269933660338564323e+02 1.230669721315482690e+00
2.754791597806679988e+02 1.101046859438737435e+01
2.420020996517590675e+02 4.771025950492774825e+01
1.329997521081090639e+01 3.529504124621593775e+01
2.314103183714055589e+01 3.736650418163817022e+01
2.540064585535382093e+02 5.082381787786009397e+01
2.625615810184243628e+02 -9.387891765064630967e-01
2.812853767500798199e+02 2.291681167105452488e+01
2.404452080839353698e+02 1.264906757789659224e+02
2.753371870488780360e+02 1.250973338321851180e+01
2.623727117681901859e+02 5.099557845630693365e+00
1.380056665999766885e+01 3.160226497975213533e+01
2.140121252961184339e+01 5.324800030470110102e+01
1.910398906523504365e+02 4.946167001682105280e+01
2.569029067903519490e+02 5.260466341971533843e+00
2.606049631910182711e+02 9.082639281069669224e+00
2.247207315824711316e+02 1.004666109297253769e+02
2.863157639969250567e+02 2.102958274517069981e+01
1.062141641372111955e+01 5.600554702551787045e+01
1.854743309649334719e+02 1.004976006685721472e+02
2.580449313493926979e+02 -3.499444145700771003e+00
1.675724836798035611e+01 6.085235745784680006e+01
5.667256691673882685e+00 3.902894872959219441e+01
2.700447246283248433e+02 2.519412885708846694e+00
2.736057268441591077e+02 9.314942027850722894e+00
2.763688474070750090e+01 3.319449219308696541e+01
1.678015232549105065e+02 3.037590551987892695e+01
2.299930161061188869e+02 3.633675755078850322e+00
2.596194187851051538e+02 2.446769695797662081e+01
2.738627604797742947e+02 1.743899621330345440e+01
4.584757299032835576e+00 4.239465512560965266e+01
2.747672827851423563e+02 3.258583151228247488e+01
2.040822760770165019e+02 2.006215048847823113e+01
6.123174549885456841e+00 5.444698246451022072e+01
9.358642150587310482e+01 4.735843917198756969e+01
2.584839486764768139e+02 6.688017789196898377e-01
2.095520909427387721e+02 1.052412522177109793e+02
2.754420641556984606e+02 3.169892001866263342e+01
2.373559935465603985e+02 4.941455167923512448e+01
1.366019171317294081e+02 1.028217349110556711e+01
3.455221512513735149e+01 5.029201931181047769e+01
2.142691542585929199e+02 1.648438983821941406e+01
2.681250109693737613e+02 2.080216120323397178e+01
2.570837763165790193e+02 5.022097875243116505e+01
2.460075321487422286e+02 -1.082465257191631558e+00
2.714912093764946803e+02 1.877383454962649267e+01
2.726518548954113612e+02 1.391653748467868823e+01
2.533577481766992179e+01 3.612255575723725798e+01
1.063304194589889740e+01 1.980855728631921764e+01
2.812324782097367120e+02 1.842219997727036329e+01
2.529085966789167230e+02 1.665623514555456097e+00
1.304520449725332831e+01 1.866315738514157019e+01
2.725523001107825962e+02 1.288209595920193529e+01
1.829874566716565596e+02 3.018351929030659875e+01
3.048328086585532049e+01 4.990331087876769800e+01
2.574860289672942599e+02 1.135228655061160019e+01
2.450635216786471204e+01 5.773684785282279108e+01
2.164360648873314972e+02 4.457921079023921607e+01
2.643218470421272741e+02 2.182208460076947176e+01
2.267491272688698416e+02 1.221150642540865618e+02
2.615612075493554016e+02 1.064971576755040061e+00
3.386897727404328151e+01 4.495994046266729072e+01
2.468911779360640253e+02 3.474689693075601937e+00
2.767495846874505219e+02 2.064692779803269218e+01
1.141212493118195503e+01 3.116202265055688514e+01
3.240902041283778345e+01 4.077071479715989000e+01
2.773236225486426179e+02 2.847766122304367542e+00
2.779606100379542113e+02 1.665341692190850154e+00
