1.838574898572036034e+02 9.410525659883671779e+01
2.330898683705468954e+02 3.158362812667320085e+01
1.536136826246637668e+02 -3.351109440970022835e+00
2.667309613232151264e+02 5.857841235975701721e+00
2.445651179128980459e+02 5.734001135855051245e+01
2.585832471894453874e+02 5.706089731738673620e+00
1.861054249903936295e+02 4.312412967531780339e+01
3.156923962747992718e+01 9.808226709138367028e+01
4.777450624358722919e+00 5.806229174978511054e+01
1.608770110955199755e+02 7.223046606671843506e+00
2.634286427737819736e+01 6.327069363353491127e+01
3.538835300042564569e+01 5.107424808075469258e+01
2.795778986886289772e+02 2.311670484876825782e+01
2.544751477923219625e+02 5.807708072690304313e+00
2.785315083833302197e+02 3.722379319135160181e+00
2.495962873905442621e+02 -1.973269560354968810e+00
2.741035882071239485e+02 1.684765384404459354e+01
2.514543679620787771e+02 4.598311724828577418e+00
2.272842234964660406e+02 4.461832280685796093e+01
2.663264852859541065e+02 1.642988116236265839e+01
2.519699453941020124e+02 4.900254645801979336e+01
2.637680866280654186e+02 1.677305407222413081e+01
2.424203590701652047e+02 4.121485754618612418e+01
2.607044233669845994e+02 4.421659519894173229e+01
2.667329655841631393e+02 6.428307352296924293e+00
1.567472004475565370e+02 3.638697530699211313e+01
2.526458519820239985e+02 6.811004341829691278e+00
2.615356795799128804e+02 1.002027913674704607e+01
7.306197926082885097e+00 2.346445701916548288e+01
2.438316013657061205e+02 6.257708887929313235e+00
2.515138772642110609e+02 6.114951772270809727e+01
2.296305302725983211e+01 3.320504178629926173e+01
1.233938094759586157e+01 4.723722002567664902e+01
1.977554632672741945e+02 2.509451207135798256e+01
2.611972851532959794e+02 8.361962842198128243e+00
2.182042420628248536e+01 2.032628160393809225e+01
2.585516762027505706e+02 4.769409294509241448e+01
2.720813051970214929e+02 5.544759562533143615e+00
2.540269620067145979e+02 1.556122545721156847e+01
2.205695161224997776e+02 1.631740869869774713e+01
2.344397992933248531e+01 5.436612523318096635e+01
1.704611833128681155e+02 4.944228880083626265e+00
2.486907476285524012e+02 4.414040084796536689e+01
3.154230565696023092e+01 6.874101802375584214e+01
3.014090067119735039e+01 5.697725411194525691e+01
5.887773465052387856e+00 4.813150729842158171e+01
2.579169125703122063e+02 3.102067620014361538e-01
2.690511662436433085e+02 4.874901479120371306e+00
2.601063466722992530e+02 7.171588117614681401e+00
4.633548912377594320e+01 4.748114833016800418e+01
2.774954638526228337e+02 1.695737495892368329e+01
1.420554074210545359e+01 4.336535705565735555e+01
2.597279204833677113e+02 3.739001232417896503e+00
2.589542689985911466e+02 1.116712881158470339e-01
2.677466815711616732e+02 2.141062372646491241e+01
2.693315508481863390e+02 1.331353905203240195e+01
2.568643334668112743e+02 -3.302253274999791266e+00
2.468205708994598240e+02 3.642116896426986017e+01
2.649086389077132822e+02 9.821871569018700399e+00
2.410433236782320421e+02 6.480801391342483342e+00
2.663795402179663370e+02 3.617938472767038505e+00
2.481579279175351473e+02 1.249246923154107769e+01
2.515447800165251380e+01 3.464966870804732935e+01
2.693463483793735236e+02 2.451126513186294886e+01
2.626783734347067139e+02 1.366009459543657911e+01
2.459235115016569466e+02 8.841089150664437568e+01
2.716930176788699782e+02 1.236544956986717203e+01
2.342953168338357273e+02 1.309534041108183260e+02
2.389430185440738228e+02 3.390394236379734139e+00
1.264167667789783422e+02 1.098916444960111676e+02
2.754555635435035015e+02 1.614767292615832872e+01
2.650338175167979671e+02 1.535752802645194137e+01
2.221118003520848561e+01 5.835464230223239213e+01
2.165768116680627884e+02 3.654606954347737968e+01
1.990127436704746344e+02 2.843227718746350519e+01
2.829088415026254779e+02 3.514787113957695652e+01
2.713087127591950889e+02 -4.987467960231555253e+00
1.971266408624491078e+02 2.985728223800629522e+01
2.212438466487964774e+02 2.670609280224876514e+01
2.503565055121738112e+02 4.738305569400716877e+01
3.704994196915689031e+01 6.075400532967474732e+01
2.537093693347767953e+02 4.862570009071749411e+00
2.663100017417889376e+02 1.147260720172873505e+01
2.307808721800111584e+02 -1.413545426450409259e+00
6.345602115966179291e+00 1.656390505206390173e+01
2.447258684448029342e+01 4.806947577816238493e+01
2.631811690532295529e+02 1.473691926047468037e+01
2.388432803117382832e+02 4.960475512892364236e+01
2.471468695958833734e+02 5.398710990857898651e+01
2.641493318460394448e+02 1.958763239961158220e+01
2.732969203198767332e+02 1.032902869751390540e+01
2.581510128619872830e+02 5.316043248298912971e+01
2.553530093137194115e+02 -1.330960495394540644e+00
2.832086867157036636e+02 2.101080537028407136e+01
2.594544962146546254e+02 1.915079391005058085e+00
2.774432214935987417e+02 1.468372507425906726e+01
3.876620154590538192e+01 4.408970622388614657e+01
2.854321783717290941e+02 2.524014407410748007e+01
2.592909341988329857e+02 4.649180511795880477e+01
2.020318253124205654e+01 3.325251002008949541e+01
2.735649420142349868e+02 2.601896743014848568e+01
1.089421942516357333e+01 4.433414481399573503e+01
2.049717343319424856e+02 3.279349947382291219e+01
2.155253636883421962e+02 2.303576626310526976e+01
2.660230184569271614e+02 2.062097321549851969e+01
2.484154613490734675e+01 4.106912955614419758e+01
1.942480729072561587e+02 3.949243090041053250e+01
2.645762488564971591e+02 1.129150279047332717e+01
2.590392527077383988e+02 1.459558748502411873e+01
2.485000543503999211e+02 1.618872459734848945e+01
2.608044145838500754e+02 1.623797740408335954e+01
1.557824381586119600e+01 3.167337899228265030e+01
1.238212804789773358e+01 5.353082654570921761e+01
2.542662699044105921e+02 1.207477652869766160e-01
2.588516954363620357e+02 1.152208049880421470e+02
1.790476590717764083e+01 5.200475313514528608e+01
2.702471541211045860e+02 2.539084950224350479e+01
1.056555431646381464e+02 4.692290206887515325e+01
2.556543541395237469e+02 -2.438393670599885432e+00
2.127641337324568269e+02 2.528825131426874151e+00
1.033590901597203349e+01 5.784236957331314244e+01
1.648294847376359655e+02 5.879383392417840248e+00
1.481627351665133574e+01 5.438219712263942540e+01
2.628422430947804855e+02 2.033176265775921365e+01
3.119273310853088788e+01 1.190381422643522171e+02
1.923130258286651610e+02 6.122104931536830996e+00
2.484936702412780676e+02 1.748928525183583105e+00
2.382962127756476889e+02 5.056742196515944698e+01
2.639487042866975344e+02 8.543414770762606025e+00
2.559237418743638273e+02 4.450201296119974614e+01
2.149324638417298274e+02 1.124648257177922659e+02
2.761335605572309149e+01 2.551687691889844700e+01
2.524906211362116721e+02 1.040398429107005143e+02
1.530856313720100843e+02 1.920153639109144450e+01
2.856172486950031342e+01 3.691075685012322083e+01
2.599078867352141629e+02 2.992615331308387283e+01
1.590525756321978861e+02 3.466039294490174427e+01
3.146649923744410415e+01 3.909180517383348530e+01
1.396956103119605928e+02 7.746069790150578172e-03
2.623312688196180602e+02 2.165292013978758590e+01
2.697553072929879932e+02 1.703047611428682018e+01
1.626784175003281803e+02 2.951016374233561379e+01
1.796015019327236928e+01 4.848056716069087457e+01
1.298331627362930085e+01 2.700484717095941534e+01
2.778942227817886419e+02 3.412553073827456274e+01
1.481472760500359414e+02 8.815819186520734263e+01
2.341465214308691998e+02 4.816164855844831116e+00
2.627039007419248833e+02 3.082794494398600094e+00
3.078450074006748594e+01 3.337088417230307869e+01
2.525700308975850419e+02 3.701676017180028921e+00
2.570575549264378310e+02 2.235458118942040073e+01
2.567290375309102046e+02 -3.427444488496493857e+00
1.756952402244991447e+02 6.373257677145339528e+00
2.360735012161455302e+02 5.997496453229084068e+01
1.991108455952775955e+02 3.265812090418815927e+01
2.365890585003073454e+01 3.217593775338431783e+01
2.643956745910676318e+02 6.363832414763880507e+00
2.224805130322907587e+02 9.803325417688718346e+01
2.568448605028311249e+02 4.509481364344660648e+01
1.639237210699242553e+01 4.766504852982365747e+01
2.773825836670126250e+02 1.566898593778056892e+01
1.631306754468400015e+02 1.403625069005996373e+01
2.512858872055163317e+02 1.209204791918936372e+00
2.532313904091111283e+02 1.571509374792838187e+01
2.648665097580384327e+02 1.880853668174311721e+01
2.551938129229933736e+02 4.609732525136707437e+01
2.690489565251819926e+01 2.389099450666764923e+01
2.614953187957808041e+02 2.907075064404992304e+00
4.013424060731028220e+01 3.801129304354209637e+01
1.333956689447443296e+02 7.767189329242415852e+01
2.603670809180677566e+02 4.353265369200698842e+00
2.761824497559783822e+02 1.882274692533500371e+01
1.971417581527380491e+01 3.408410609469549968e+01
1.276054836757614339e+02 1.078354143997097765e+02
2.502803684197344012e+02 3.158931817526053898e-01
2.566060682975657414e+02 1.428515526761208321e+01
2.581988995003840728e+02 4.108055805653130221e+01
2.713558173478408548e+02 1.981414708926375923e+01
2.642287523416977706e+02 5.368170241220964201e+00
1.537310609477256946e+02 2.522953008594075008e+00
1.655229285428920889e+02 1.782717986384922781e+01
3.525480667181737715e+01 6.633631456148881966e+01
1.750126960377355090e+01 4.570436944100622156e+01
2.716995823647850727e+01 3.716793013831059511e+01
2.717918133388455431e+02 2.621476116977047255e+01
1.782714782189482960e+01 2.962731196165041325e+01
2.705277418938548522e+02 2.303262790388269821e+01
2.618376744685824065e+02 1.202074543495916004e+01
2.357725126526910060e+02 4.587178649920272022e+01
2.433860880270340772e+02 8.817954983510705347e+01
2.770969271313176705e+02 2.787699799983390392e+01
2.205646602573171151e+02 4.175821951907136054e+01
2.597242777906952824e+02 6.433862990726740350e+01
1.177460985930166970e+01 2.250344060857338491e+01
2.625081109192673807e+02 1.250836593605624358e+01
2.769745268741159521e+02 1.352630934356223946e+01
2.519607984605805484e+02 4.697336863446405886e+00
4.365201762625512316e+01 3.096532957570526889e+01
5.443004980290926831e+00 3.006354943769922272e+01
2.767827198091082437e+02 1.255618667060434390e+01
1.884625786172861694e+01 3.893951787445729451e+01
2.230282474106500388e+02 4.579772913877850726e+01
1.949660221279923746e+02 2.431025604410510255e+01
2.992130096679757756e+01 3.565622862367359147e+01
2.492540122377809837e+02 8.120512192477502111e+00
1.608144340259717922e+02 -3.188129198308659262e+00
2.719313911841362597e+02 1.226603714286171254e+01
2.233919815156776281e+02 2.677819260032049442e+01
1.887905785357386890e+02 2.163087689904850208e+01
2.679529607398751523e+02 8.444772633308765819e-01
1.727188862385589019e+01 1.150029484883363153e+02
2.514993662639724903e+02 3.301015503139574747e+01
1.566991534189936885e+01 3.134293379265315593e+01
1.634992825193068882e+02 1.248436862747971254e+01
1.546102156619700807e+01 3.815152711264774155e+01
2.633680141561205801e+02 1.676496872136334026e+00
2.668917429372447145e+02 2.158391436277573572e-01
2.397631477025531694e+02 9.346178587467458954e+01
2.606037203293406037e+02 -5.439963273791495801e+00
2.476644534905334183e+02 1.041773553226028604e+00
2.614875012642656316e+02 2.108108471226804781e+00
1.794470065726627297e+02 7.476895005321772203e+00
2.486517473489780627e+02 4.585926256228340492e+00
2.622773793430424689e+02 1.871054911882456651e+00
2.844919752976643395e+02 4.003410479844230707e+01
6.920274804419198844e+00 5.590973941519848012e+01
2.562793427598477365e+02 1.925079528574702437e+01
2.721717938903647678e+02 1.338852225441466892e+01
2.747364692274757090e+02 1.078407059955090119e+01
2.695106610827643294e+02 1.518358895001983377e+01
2.869731975605420757e+02 2.049561993919746072e+01
2.414585520948349142e+02 5.747022488844138621e+01
2.253504771956525303e+02 1.040035136475943318e+02
2.818428314656780458e+02 1.451500322292593026e+01
1.852802427204280775e+02 1.329812279438989719e+01
2.675894676445395248e+02 5.882734066002297979e+00
1.961316840097395016e+02 3.766532689684363078e+01
2.068619577693098393e+02 1.742364510898544339e+01
2.508582312131826200e+02 1.176201682397488213e+01
2.657853129452725511e+02 2.189687243725209242e+01
2.758530024156023615e+02 2.187799203274395410e+01
2.479715475380553187e+02 1.175144950393844567e+01
1.474875518750324375e+02 7.159872600308162305e+01
2.825296721309945838e+02 4.629648085202222063e+01
2.550616430420795950e+02 9.776697820489912871e+00
1.282720647922389503e+02 9.357145672165577821e+01
2.568621548307452827e+02 2.221769899980184348e+01
2.725368845848765318e+02 4.870811727197835950e+00
2.550211522950616256e+02 -2.325472850564752836e+00
2.303122492585123950e+02 -3.338840614620182556e+00
2.645833545677586471e+02 9.457877016524115277e+00
2.392797945401721336e+02 6.991964599289778093e+00
2.766822033361356148e+02 3.223666380410548982e+01
2.601129700938187170e+02 4.309956491530876121e+00
2.053258617878222481e+02 2.666972512863627287e+01
2.626224985852022087e+02 1.071474619124182581e+01
2.772346700214756083e+02 2.915542704263404161e+01
2.205979232008118629e+01 6.027923763691602232e+01
1.835691068641568506e+02 3.482083189402568735e+01
2.448510915684819054e+02 1.939911025558714641e+00
2.558866950030774206e+02 6.481587892278605878e+00
2.783723109561425417e+02 1.452331964197175296e+01
1.932215328740516469e+01 5.159411337823950561e+01
2.668333230533717142e+02 1.723740865035082948e+01
2.516937077954893311e+02 1.226019859960398861e+01
1.564114600895364333e+02 7.696147680721723283e+00
2.588197511742268944e+02 8.080004262272666438e+00
2.734511204169388634e+02 -5.341280726638473197e-01
1.782003845501530748e+01 4.749939058449824358e+01
1.718732302971562476e+01 3.589341584387141637e+01
2.589749685828576276e+02 1.062970338296230466e+01
2.567908792810089267e+02 1.516392995946466371e+01
2.504112201614375977e+02 1.930996252951863923e+01
2.625712003303493134e+02 1.329938367580909997e+00
2.587969700416112460e+02 2.724264829038041213e+01
2.704310832391861368e+02 1.113650890052734788e+01
1.646199510144608098e+02 1.848402362507991370e+01
2.540890315255544749e+02 5.266735851436041393e+00
2.566901829382843516e+02 1.222024318972834855e+01
2.569861967677972530e+02 8.567586638062474336e+00
9.625945704353059185e+00 5.955440907301262143e+01
2.478354108246440717e+02 1.547958471893277554e+01
4.620753432452453069e+00 4.971088882014417720e+01
2.510145536867037208e+01 3.604573013991721808e+01
1.783399350013442017e+02 3.070303342878642638e+01
2.541600216012978137e+02 1.961712375749079484e+01
2.859239767357536977e+01 3.499584716776839599e+01
2.296173602568612466e+02 -4.488557011823890441e+00
2.449333400819950555e+02 -5.409247238634275590e+00
2.723060701854328869e+01 5.398032835893729242e+01
1.634254907271106845e+02 4.073308290909902496e+01
2.644301332904747142e+02 2.211574249420017679e+01
2.136817802125674959e+01 2.131879923742788918e+01
2.657795329633095207e+02 1.801785709702680549e+01
9.767744788049601112e+00 4.908011432957609088e+01
2.741471736620989077e+02 1.039268823828736643e+01
1.824555637328116688e+02 3.113257952121074013e+01
1.704890513335561195e+02 2.602603324435132137e+01
2.673316431310349230e+02 1.129204352427069402e+01
1.494637798058976408e+01 3.418632758394902282e+01
2.576132329113211767e+02 5.701158321038584553e+00
2.648463975803214794e+02 8.472951954803017216e+00
2.173756927287470546e+02 3.418274763250092008e+01
2.781715552298865646e+02 2.688445000096831805e+01
2.668708049808058718e+02 1.113657667198228562e+00
2.436260007985559639e+02 5.409725947039805760e+01
2.829974487439556015e+02 8.861566104333103766e+00
2.717205886286503187e+02 2.547926433573895011e+01
2.634106002017057904e+02 1.333559312745698300e+01
1.619370850942215867e+01 3.365791442419655510e+01
2.559786234967959047e+02 2.346782831513297474e+00
2.584659139136610406e+02 1.239738107685968771e+01
1.914880365918507437e+02 2.275855221038818499e+01
1.811292757218333520e+02 1.004268215996122251e+02
2.054022173141225949e+02 3.444694928099003306e+01
2.767419964938229100e+02 2.356339055082961664e+01
2.827280952418630591e+02 3.851327544533176450e+01
2.795485104198039039e+02 2.496340993456601964e+01
1.768188169695054057e+02 3.833267658801180744e+01
4.933410561681096596e+00 4.157549656023262230e+01
2.521108858400412771e+02 1.767270517743201452e+01
2.382326507336238706e+02 9.404586756838087069e+01
2.548414081799714666e+02 4.016061932431158610e-01
2.676722608265700387e+02 1.024963232233780630e+01
1.680224513276070581e+02 3.493267789320351824e+01
2.637893314495528898e+02 9.407783177400698804e+00
2.572113204552319985e+02 6.005364012214879921e+00
2.759530968313050039e+02 1.688369846470133950e+01
2.432219160371526527e+02 4.963391017702569741e+00
2.725415735298525988e+02 2.306760018885175612e+01
2.849485313154094683e+02 8.026472246293717916e+00
2.740009005795790245e+02 7.175829414388157801e+00
2.577487212258507725e+02 1.359126533010254789e+01
2.750907298734763913e+02 1.390655828716176323e+01
1.868715149049403834e+01 3.681761270598540392e+01
2.563317158696229967e+02 1.212514903603363337e+01
1.982075682210735579e+02 -4.142564734002905702e+00
1.303657323306323690e+01 3.478782944690116352e+01
2.479789914845781595e+02 -3.912353180702197175e+00
2.438078830307404701e+02 -3.577320839385123019e-02
2.472718245032154698e+02 -1.615507844726429276e+00
4.503365179679239994e+00 1.144679461323099616e+02
2.775772448861511634e+02 4.093579114244151640e+01
2.427100369196034890e+01 4.105730674482614262e+01
2.628659207040040542e+02 5.322996963845005780e+01
1.405184578862248301e+01 3.429408977833288930e+01
1.745270764368867731e+02 3.156400328920776133e+01
2.500155998940701352e+02 1.220179241181814511e+01
2.610421130151349871e+02 1.043411949230682367e+00
2.132139528908332409e+02 1.251611583904594625e+02
2.471065721053773814e+02 -2.702613125515433978e-01
2.663678260908900484e+02 8.722589749695400130e+00
1.310450191532511255e+01 3.807148531489455934e+01
1.861610413737856788e+02 2.165151929854800983e+01
2.589700450662750768e+02 1.072628740673653738e+02
2.661046334810301346e+02 1.453799368936037162e+01
1.976246700663049083e+01 4.080927223748557253e+01
3.263741130796087475e+01 3.764640961684052911e+01
2.581288124212391040e+02 1.659230792379753439e+01
2.024801998548178119e+02 1.014524337558874265e+02
1.552335512755865921e+01 5.192961287690598482e+01
2.644344627315208527e+02 3.704123163152135412e+00
1.680493442688094419e+01 6.150154586058344819e+01
2.449456090144805387e+02 7.539157147128264569e+00
1.413563037675380940e+01 2.862064910088390945e+01
2.764281860609125374e+02 2.600106937600360979e+01
2.756644209094031339e+02 1.691396263821771129e+01
2.491571651917994359e+02 5.660933350641167650e+00
2.516558051741886004e+02 7.252880038813541930e+00
1.480690990748584852e+02 2.960296584227632621e+01
2.722539400674494914e+02 2.011283739283955896e+01
2.511112770432384309e+02 5.516978706598835380e+00
1.983048957971201176e+01 -3.627428353912387493e+00
2.024166665928945008e+02 5.698388799152045436e+01
2.812495933628837292e+02 2.771779785469423274e+01
1.903416092063226301e+02 2.358172831510727363e+01
2.171141007867915675e+02 1.235759983295162669e+02
3.197746548178832526e+01 3.585679373108744983e+01
2.624045212038430464e+02 1.335488850766767399e+01
2.733284879423166558e+02 1.183528225381853716e+01
1.856698980365794682e+02 3.681406556115820194e+01
9.083316601987926120e+00 3.276849335839694533e+01
2.711544702255675361e+02 1.113610618268485553e+01
2.319287152299421564e+02 3.030159866963038695e+01
1.312417755023720645e+02 4.295014469895605203e+00
1.297278734516256549e+01 4.210875101875264193e+01
2.629720166274246367e+02 1.687682398393400618e+01
1.481157845497160110e+02 7.484840781446797564e+01
9.374717397942776032e+00 4.088360775388300539e+01
2.878874059599092448e+02 1.584119464693380586e+01
2.759544098623412651e+02 3.327560377965838256e+01
1.821435129298475175e+01 2.900402953635848746e+01
2.203315484373576894e+01 6.081065273471462262e+01
2.069804277500141723e+02 1.057625887115048187e+02
3.142761838123166385e+01 3.411828086443458119e+01
2.013020146250091358e+01 5.013546336420462524e+01
2.618263767670230777e+02 5.994752371595749452e+01
2.644697249959788365e+01 2.263229602203634983e+01
2.640502622941385198e+02 2.485103696111332638e+01
2.577458636649959658e+02 5.353280109464758851e+01
1.759232709891757906e+01 5.048038383127715178e+01
2.323366540984923461e+02 -1.372185318285278122e+00
2.829717296106048252e+01 2.915697988305664978e+01
2.569211088015985069e+02 2.263713278630129366e+01
2.716282941507477844e+01 4.341994762136936714e+01
-1.425215218440891718e+00 4.231270171233200017e+01
2.524513834206729541e+02 5.845789776809826321e+01
2.636756769813021037e+02 2.252669102410415647e+01
2.613751972397964778e+02 1.263656640630065375e+01
1.921172877043071026e+02 3.658364096382052111e+01
2.343723894844702329e+02 1.828460939902548432e+00
2.599708504170064884e+02 3.371660960242730987e+00
2.719178705163295717e+02 3.405757381413714313e+00
2.541075413927221973e+02 5.024972566473747548e+01
2.834324810728931539e+02 1.854906299793854174e+01
4.294927538349928398e+01 4.901030380711678447e+01
1.630769589802090991e+02 3.952757147795316683e+01
2.741254599293365004e+02 7.865150287612471480e+00
2.795636540650991151e+02 3.980142846254497613e+01
2.885877552452556216e+01 7.345310321486135763e+01
2.677794473542509195e+02 -6.364349467382161230e+00
1.787126786845133495e+02 -1.361431502095507007e+00
1.719679687855966677e+02 8.420002254534633579e+00
2.538080199340667775e+02 -5.077782377380476220e+00
2.702526565912356205e+02 9.839699146757574511e-01
2.483875468138917313e+02 1.475175047879240964e+01
2.520092952225453189e+02 3.886666923643440796e+00
2.510212480824510237e+02 1.402717178463514358e+01
3.830625842929363145e+00 4.583724318240837903e+01
1.889918560817739888e+02 4.062709766096037356e+01
2.832198349903485450e+02 1.113120109589647377e+01
2.605937495339135239e+02 1.910886197278812659e+01
2.554845607683364790e+02 5.185225180204651707e+01
2.822724222074215845e+02 1.226318384760197944e+00
1.710295716158044499e+01 3.796515651721073681e+01
2.489708694731961600e+02 1.333471717579423554e+01
2.548457674922400713e+02 7.729212747203178857e+00
9.946640542115061123e+01 4.861034216762415383e+01
2.495854112565940000e+02 4.987566397262649076e+01
2.657938731752184935e+02 1.799724443882097447e+01
2.497214191897017770e+02 5.168317528749201983e+01
2.618582290675569197e+02 1.155822177683307395e+01
2.790506934783241491e+02 -4.792442577218603894e+00
2.452611761036174443e+01 3.272028337222683092e+01
2.549427193170803889e+02 2.710094432952980981e+01
2.733947171387179651e+02 1.468371249445843851e+01
5.055653913424698942e+00 5.953512021843940261e+01
2.835923219502883512e+02 2.612725402550609743e+01
2.565087015055157167e+02 1.210890910678382859e+01
2.660366225682964227e+02 -1.727928725075037031e+00
2.653271999019025316e+02 1.572464885893805508e+01
1.053128175685998116e+02 5.227317092110956764e+01
2.337109153420387884e+02 4.768873662187239404e+01
2.781375497038071671e+02 1.704057243230292329e+01
2.573308158393850249e+02 2.025776732083377851e+01
2.697837418661742959e+02 1.125004217794434247e+01
2.445430908505757941e+02 5.427665711497489553e+01
1.762638043377282031e+02 2.015208859717822776e+01
2.648440176056819837e+02 6.212036236665735345e+00
2.009903701759632213e+02 4.427545378673168130e+01
2.533642245117119955e+02 -2.304970715189334385e+00
2.686097764720151417e+02 2.191313222171131869e+01
1.740363899124838269e+02 1.595312881974400554e+01
1.404118377803270619e+02 1.112017808259825102e+01
2.684155378085537791e+02 1.193841438198131222e+01
2.030163419070903501e+02 -5.790814821223519537e+00
2.512614287371624471e+02 5.892310989796651910e+00
2.550202350395172743e+02 4.513011411285211238e+01
1.797271393898883503e+02 2.645505245989101084e+01
1.999304108333449221e+02 3.101138766367268573e+01
2.563085834736490369e+02 6.691465956510196378e-01
2.552279915973393543e+02 1.273337172905238823e+01
2.150177311050334765e+02 3.245868954407366402e+01
2.644258572241139760e+01 6.102253947809533940e+01
2.788215296841868280e+02 3.195718011172744966e+01
2.635797747972173397e+02 1.899998368282136596e+01
2.624820383741188721e+02 1.114699420551975351e+01
2.050271149017322259e+01 5.476304374923781637e+01
2.669417151820297249e+02 9.588288047197416120e+00
-4.795486324766909725e+00 3.618493983282768056e+01
1.336179509389360298e+01 2.039569531557598125e+01
2.454964552245981579e+01 6.962652683450804147e+01
2.365310564148980745e+02 4.330885116379192823e+01
2.475071113089385619e+02 5.403945082769649844e+01
2.341823707689435992e+02 4.789286689107211714e+01
2.383585978839602149e+02 -6.609511879019809300e-01
2.716228395146079038e+02 8.684976557909706685e+00
2.609508489197758863e+01 5.085064804635393898e+01
2.744025672542026086e+02 1.568894568621254670e+01
2.580025975849187034e+02 1.853351947238356345e+01
2.521090800099461262e+02 5.082397174418709795e+01
1.711817333071039684e+02 2.436921452029456958e+01
2.743800123537866966e+02 8.132728257186691678e+00
1.515157183637191451e+02 6.664201622741801145e+01
2.424586580758034984e+02 -1.188861871141766002e+00
2.737441690903226004e+02 2.527164341228231592e+01
2.750370019818058722e+02 1.881109824084460769e+01
2.639479143298680697e+02 2.272661238605081735e+00
2.423407677956857498e+01 5.929617526341988309e+01
1.558209542665610314e+01 3.281308875543826531e+01
2.451698317340223525e+02 3.313287782584375840e+00
2.751952099175143758e+02 3.897695119501124239e+00
2.248765750929592855e+00 1.011632133837859371e+01
1.513333378074830762e+02 3.089317863728498992e+01
1.886819817744708416e+01 3.897100934151028184e+01
1.735547855261657446e+02 6.557081308962592558e+00
-3.838890055594901263e+00 1.487981061504725488e+01
1.256328848366010931e+02 4.694155742282672605e+01
1.935105589528267842e+02 7.645212364878830158e+00
2.593510267325962673e+02 1.519968712510613429e+01
1.810938950701651322e+02 5.408859813701578645e+00
1.776441196654250803e+02 3.085448261021189609e+01
2.473376997116473319e+02 1.308686320083023880e+00
2.604298863856718071e+02 4.106203125721363278e+01
1.837595345202033315e+01 7.211470173858410249e+01
2.587626961643555887e+02 -2.005554930746887621e+00
2.748009051405752530e+02 2.170237550298522677e+01
2.529367688203811042e+02 -2.024376639858283866e+00
1.191528727612137395e+01 3.662458404886983487e+01
2.648365840419772894e+02 -2.614598662385961170e+00
1.909872085051927399e+02 3.004470729807695761e+01
2.778613145570661800e+02 2.898809250735683918e+01
2.680499248943719408e+02 7.952507870045484317e+00
2.513543798814058334e+02 4.502294799773306977e+01
2.519254742442301733e+02 1.230580944513389063e+01
2.740983009440700471e+02 2.656459807682538354e+01
2.630405565173292075e+02 7.472797385103676859e+00
2.489598725604585638e+02 5.064580439807152779e+00
2.457309549490255165e+02 4.702359901198833114e+01
1.816625866789519961e+01 4.764798974321603708e+01
2.497017298197364994e+02 1.264302067610439764e+02
2.636171304681096217e+02 4.170959965710811623e+00
2.494544208269133492e+02 4.185136325333745333e+01
2.624772650071436715e+02 1.195206025883862289e+01
2.487909201647961766e+01 4.916640635495907929e+01
2.408753501487724691e+02 8.405340383921327430e+00
2.276208228989823112e+02 3.975623845098561304e+01
3.350835460489065554e+01 6.758914530033761991e+01
2.644356446960621270e+02 2.975298890887060921e+01
2.756160141291962873e+02 7.982936836073129427e+00
2.699710976493688008e+02 1.744622813618731882e+01
1.819099015590645081e+02 4.871297190002757738e+00
1.867150986174459319e+02 2.813586728769060841e+01
2.562100789416618909e+02 1.503241774687583110e+01
3.340991013358070916e+01 5.995344734746556270e+01
8.988710409608188456e+00 4.069474872496786588e+01
2.554107552239331369e+02 -1.704848326278654014e-01
2.555668719691774982e+02 -1.379355393237388760e+00
2.156037784547491043e+01 5.792451702078491849e+01
2.564325435689834762e+02 5.637470837710013427e+01
2.581813876131802203e+02 4.878174625574773771e+00
2.751589432759429315e+02 1.081421521430686994e+01
2.716178153993756155e+02 9.815949952204958251e+00
2.404855601490796175e+02 -3.900680374001408879e+00
2.594368444374741784e+02 4.010026619625030975e+01
2.682024040099541367e+02 2.511731295123912133e+01
2.527223721532036507e+02 8.248229807699004823e+00
2.881019332774860118e+02 3.177073111536775230e+01
1.942543352494305680e+02 2.636592972293126991e+01
1.180320797163768276e+01 2.900047846326544843e+01
4.768175277195269679e+00 2.630305081287477975e+01
1.489148448253280037e+02 2.813768255479295632e+01
2.495745846971181834e+02 8.397897016423300443e+01
2.977133437173482378e+01 8.750954319976212048e+01
2.531190877284098661e+01 3.748706519928940395e+01
2.160633309751498530e+02 3.548673925697330134e+01
2.718144535681420280e+02 2.919998141722639318e+01
2.043225947698208245e+01 3.440343370520164257e+01
1.841434967493194677e+02 2.529225278115143993e+01
3.766291481263387197e+01 2.782113667913831279e+01
1.039267579461964353e+00 4.093290239618691828e+01
2.850564365419228352e+02 1.306160717304107877e+01
2.824826436020424012e+02 1.191098964040524422e+01
2.427891270621556146e+02 4.316857286455979192e+01
1.901121602469487186e+02 3.244013434569385623e+01
2.535709312650747052e+02 2.713497882056930433e+00
1.933423737356459071e+02 3.546999198783939278e+01
1.980474886747995100e+01 4.498429931636439960e+01
8.385629263531814814e+00 3.129880980203197538e+01
2.525597801027727769e+02 8.405962364504851791e+00
2.670311815748640925e+02 7.950824415909978349e+00
2.712313151049475550e+02 1.946598864397648754e+01
2.350691795705929721e+01 2.665528606777197140e+01
2.679587191138902540e+02 1.006065890204859592e+01
-2.971660753085576978e+00 1.421705096202444807e+01
3.720726789332233153e+01 4.720528124747503540e+01
1.535765055231732923e+01 1.588319502661080307e+01
2.745541091708676049e+02 3.557654590194606214e+01
2.788885393181988093e+02 1.824424123010890852e+01
2.492068748811314265e+02 8.966642012118029470e+01
2.574624272745248845e+02 5.929003888123639854e+01
5.000218498068189632e-01 3.384409198055603696e+01
2.658715445663911510e+02 1.475989093321718570e+00
2.472435523058013587e+02 -2.116337321148214379e+00
2.406694858408562823e+02 5.564473101524932019e+01
2.743790302356816255e+02 1.400366070089427772e+01
2.686454356688245184e+02 5.904580096136117007e+00
2.920200492546345572e+01 6.637778597590953211e+01
3.122528371672553860e+01 4.662931098142356490e+01
2.574480576430931933e+02 5.952118637467747497e+00
