2.396986425167337131e+02 -3.797622175029236047e-02
2.728040741873892330e+02 1.349046861579430079e+01
3.754871464101379175e+00 3.963815195290676741e+01
2.679792062260198691e+02 1.825064834306832751e+01
2.172571694859893796e+02 7.200998271107586390e+01
2.527134407870288157e+02 7.238173026552979117e+00
2.527173917992538748e+02 1.440224554309816973e+01
1.981036385325770510e+01 4.413543354462765222e+01
2.623327645008937452e+02 2.452816371424646924e+00
2.431634393337547451e+01 5.039977767304522871e+01
1.736106295244972841e+02 3.328822061219782569e+01
2.990769811226881814e+01 5.612444418712648542e+01
2.836634687051695209e+02 3.897207550037604662e+00
2.438137393651362572e+02 6.692611438970271820e+01
1.925318291946207694e+02 9.543882206781356459e+00
2.543472613827006512e+02 -1.253392376017426812e+00
2.335433045598472646e+01 2.012006680298779315e+01
2.525594418603353120e+02 1.742083987142179424e+01
2.610688497052684625e+02 -6.166653986569846424e+00
2.615994238931865112e+01 5.334975415891094741e+01
2.691183091287248885e+02 -3.675361672991403150e+00
2.572166480184924353e+02 1.358156194558585206e+01
3.555722046063419128e+01 4.011980658993356741e+01
1.745816947675058657e+02 5.868460556429257124e+00
2.350725062420571874e+02 4.905363132617971189e+01
1.620280337208003232e+02 7.589874867510171441e+01
9.873588710760841991e+00 4.055615164625199043e+01
2.700399501463386969e+02 2.160963016546387649e+01
2.307129369919768749e+02 4.338054890119929041e+01
2.502925624410394505e+02 5.769874762233838084e+01
2.638896159208086942e+02 2.271682561823855906e+01
2.123279696614769989e+02 4.445746988100403740e+01
2.017819495948959059e+02 1.735447686403885470e+01
2.556683130543302127e+02 4.149370359489922500e+00
2.731035905416629248e+02 1.620505528389860928e+01
2.379372592320425497e+02 6.159546429860336048e+01
2.595992259000551599e+02 1.226528983469120959e+01
3.254122523168122427e+01 5.007007562091042985e+01
2.579459688064088709e+02 1.570853907697660468e+01
2.551307885799347162e+02 4.502877522637941610e+01
1.778203465211724961e+02 4.633311751123690669e+01
2.625313323189175208e+02 1.106091120662946636e+01
2.450394239227565265e+02 2.899071215821952308e+01
2.590995613065666134e+02 -2.643371565265191236e-01
2.001225496922281479e+02 3.575686604834024962e+01
2.158341145243977266e+01 3.666410166720655894e+01
1.767274019478543039e+02 1.307877183907383944e+01
2.630225591771650784e+02 8.744126232183777603e+00
2.122762105412877531e+02 1.102108924395678429e+02
1.655325056847799914e+01 2.630172142429625382e+01
1.575692572334081376e+01 2.924494715473943529e+01
2.387140160321697522e+02 5.372221445177913779e+01
2.711688257831787041e+02 3.631760739229314794e+01
1.280945660297150646e+01 2.817023600334788114e+01
9.749754629051896160e+00 5.096770564443553297e+01
1.767830036980753619e+02 2.941671722986177429e+01
2.395763158156184147e+02 4.547830204335390647e+01
2.605567469244068661e+02 -3.069147725251322179e+00
2.532844170157177359e+02 -4.432116256303928914e+00
2.652287629505674431e+02 9.976492181872885112e+00
2.056578564241494007e+02 2.884051822995822434e+01
2.687981642314444457e+02 1.042224461523981915e+01
2.680213884013871848e+02 -3.770667004217797214e+00
2.787262939084620825e+02 1.426350176554928240e+00
2.499724856419107937e+02 5.428456524466612088e+00
2.553671261194198223e+02 2.018667428968045385e+01
2.075622073201705575e+02 -3.657114158864395392e+00
2.650034922015072425e+02 5.326549735544082509e+00
2.194733976753971092e+02 5.377947844240765818e+01
1.793141975652451663e+02 1.895764966061119239e+01
2.578029118934437633e+02 1.165008496282981199e+01
2.142787082221321953e+02 3.377104267237555746e+01
2.414052021665958421e+02 5.662191797965574835e+01
4.379481424759668329e+01 3.942663666203599604e+01
2.763837738625695124e+02 5.574341036552187489e+00
1.679178351978711703e+01 3.026717411489570964e+01
2.507789028593069816e+02 4.568590932165668050e+01
1.875935938863509875e+02 2.642123822253323340e+01
2.243725085228152238e+01 3.102436798636954762e+01
2.440134839641783344e+02 5.243537765466464151e+01
8.643351809874823743e+01 8.768164139888452269e+01
4.192528337608285227e+01 4.114947798347842678e+01
2.164816381302944706e+02 4.333983579026369171e+01
2.672557402258593129e+02 -6.340858014662114073e+00
2.332352653308483355e+02 4.769922144169417777e+01
2.557948173441762947e+02 1.301270505596944460e+01
2.547225597140868558e+02 1.039270320896974624e+02
1.233104061115581800e+02 1.372399150497175135e+01
2.472123256557213722e+01 6.328285979722210186e+01
2.421875568825056746e+02 2.802205447923967085e+00
2.150993471180432550e+02 3.199254359580985607e+01
4.602304200280871171e+00 3.883217236992910415e+01
2.715598779359465880e+02 1.080988014211366277e+01
2.455705794378636995e+02 4.210246516500031788e+00
2.706649626936375626e+02 1.488312008596619762e+01
1.647440361662774819e+02 5.822107814040808904e-01
2.250820144925274846e+01 3.200055152894000088e+01
2.086104677717736422e+02 1.492449013631064858e+01
2.655829340893564563e+02 1.971793572921365367e+00
2.743881985040292761e+02 2.183418310827775599e+01
2.181325759065607315e+02 1.836176070887514200e+01
2.060276688631013826e+02 8.568819308024417936e+00
2.825120482103308746e+02 2.869724774756960528e+01
2.605645497050622339e+02 7.793662090516585650e+00
2.751269776054631677e+01 8.083206604948561136e+00
2.563320318585668929e+02 8.124437974542933816e+00
6.395344049274465092e+00 5.056779176501935780e+01
3.164740594885314096e+01 9.607331254969103895e+01
2.220953269981588676e+02 4.379299491197081551e+01
2.249380890565120339e+01 5.225658020177758090e+01
2.635524293593417724e+02 5.946272008456355174e+00
2.507254954480052618e+02 5.712130569336724584e+00
2.180690407922604379e+01 3.920869510616173415e+01
2.468682997853634333e+02 -2.940310990543195224e+00
2.538263412152116700e+02 -4.694993903736983221e+00
2.631412714057035984e+01 4.931605776494070170e+01
2.815891309266485365e+01 6.617489420156516644e+01
2.522064558319484604e+02 6.574679232843733701e+01
2.618307869015545180e+02 1.212899821046307736e+01
2.759977378269650217e+02 1.188277946946995201e+02
1.862431681488988602e+02 2.150670136432204416e+01
2.848332617097473758e+02 1.437333946792904982e+01
2.702572734268761678e+02 2.219254223316717400e+01
9.715607965152308623e+00 2.206244521686581805e+01
1.660749170392226972e+02 2.515436974763143851e+01
2.506517667270889405e+01 6.375385584978815245e+01
2.491326631168152801e+02 7.778689595580852156e-01
2.753007532501722494e+02 4.499517752662926995e+01
9.018164847134057638e+00 3.238554187582442978e+01
1.543294951343714843e+02 7.447756350026047301e+00
2.702520936820196766e+02 3.587433662604864537e+01
2.519576657421526420e+02 1.418115109920664807e+00
2.275776936398366104e+02 1.031179954980862448e+02
2.590579161190614172e+02 2.266963260921226464e+01
2.553423790081428137e+02 1.198796532676312587e+01
2.542957213199811406e+02 1.919966321312134738e+01
1.218540004328152406e+02 5.898155381645240780e+00
2.563907115014357032e+02 -1.197307773475730919e+00
2.103824373071067555e+02 9.888434319540326101e+01
3.056154553983049738e+01 8.464970325145338848e+01
2.666669856627825652e+02 2.349746528285958647e-01
1.962496760127119089e+01 5.694701697317303513e+01
2.611138537685578740e+02 8.762136764499970809e+00
2.202296069857536622e+02 3.546247322649559663e+01
1.692727387689715357e+01 5.406061085789711740e+01
2.805189503526307249e+02 8.018372282103335635e+00
1.816392284989564985e+02 6.369771126081945845e+00
2.562173609805711294e+02 -6.122580806849261315e+00
2.826287535382560350e+02 2.491721882709133951e+01
2.471263057124975546e+02 1.116147249587162626e+01
1.742126510155628125e+02 1.338850833111830241e+01
2.600719172428651973e+02 5.240117014181858934e+00
2.634303554663583782e+02 1.659710559748946679e+01
2.587490501596632271e+02 1.849614515391458269e+01
2.667888886290320443e+02 3.839552234252134433e+00
1.813881749931327647e+01 5.224830263913960238e+01
2.513246795437682408e+02 4.267955099579451073e+00
2.458959672533787852e+02 3.769509933538710555e-01
2.682066220972204746e+02 1.558486622815405021e+01
2.560406859589031683e+02 4.441461274628180078e+00
2.616295231209828671e+02 1.143025596527333398e+01
2.483797637394436038e+02 4.548260221567515060e+01
1.308499613214578972e+02 1.534112065191087382e+01
2.354255639377512352e+02 3.107774522075728285e+01
1.054411852821314532e+01 1.864575961124043602e+01
1.767331465691583787e+02 5.558913839644016086e+00
2.750988097275978248e+02 1.503546533155961384e+01
2.573313800035152781e+02 5.147538328160645449e+01
1.757133371595512585e+02 3.915226617008189081e+00
2.491610149655965074e+02 5.303741409071081137e+01
2.519435969051871211e+02 -9.161881131770371667e+00
2.524755325327298863e+02 1.278057348823863570e+01
2.753416177383817853e+01 4.562764575691548430e+01
1.868232685977204710e+01 3.449036895477685505e+01
1.369288980413827232e+02 -4.280267280240076744e+00
2.605698953593703777e+02 1.103299082657792596e+01
2.515921568369987824e+02 2.757536467403672198e+00
1.352254574959692377e+02 8.958626994566110113e-01
2.552310375163627612e+02 4.811341255929516336e+01
1.497322958765014391e+02 1.959834725437361413e+01
2.734960481814711102e+02 4.673805292562609459e+00
1.572138575723441534e+02 6.879137847508388859e+01
2.359808367424865878e+02 4.885830783494913732e+01
2.580823478782216966e+02 1.102388096963347053e+01
2.590776210339719228e+02 -4.349212951951626493e+00
2.517294613413202740e+02 1.807736833939088683e-01
2.633935479292239279e+02 1.571885462968656277e+01
2.591284120259585393e+02 1.360267155417064977e+01
2.602647563221623841e+02 -9.825060414105761808e-01
2.715290390292174720e+02 7.721624300618754155e+00
2.523504700424061298e+02 4.409947783834725854e+00
1.777161263195957304e+02 2.985951167314986066e+01
2.597466643649242997e+02 2.996513738765687052e+00
3.750452217023040902e+01 4.671596738165609253e+01
1.720757159693392850e+02 8.271533912870614458e+00
2.481054941397181324e+01 1.242591613941412199e+01
2.370962040912821323e+01 3.742629841089487286e+01
1.865205282143795884e+01 5.200979112352422362e+01
2.639158127613572091e+01 1.688770779759414964e+01
2.650249151925031583e+02 3.331076733798599143e+00
2.421806213359511162e+02 9.530907396771123530e+00
2.111676680481055541e+02 5.407175679328070572e+01
1.742723414008064253e+01 2.877693078038446828e+01
2.555266760661093031e+02 3.515269279244733980e+00
1.285915336159804134e+01 3.524492911038712606e+01
2.106728878931295696e+02 1.323513649801013692e+01
2.609423080053388730e+02 1.383080293119434501e+01
2.580297620579653426e+02 5.721737745790733953e+01
2.719701308090650969e+02 1.485480832419411001e+01
1.605371125899075366e+02 1.159998595408516309e+01
2.606745290613477550e+02 2.096740774994771783e+01
2.715274759616744973e+02 1.042388656293825733e+01
3.560843380654290513e+00 4.186896069531521647e+01
2.507568984469769475e+02 4.900765549622550310e+01
1.637533427349344493e+02 1.968865417464434842e+01
1.679102271098760752e+02 2.728890087664984421e+01
2.576381558772588392e+02 4.896740891209647728e+00
2.770933177255393502e+02 1.504653306490313902e+01
8.995679681051866439e+00 4.933225177462520605e+01
2.473379305442678913e+02 3.986173723241157596e-01
2.759579638359936098e+02 6.602480015885879183e+00
2.214287558017927040e+02 1.038528030247531149e+02
2.554895880949315057e+01 3.943747436267140216e+01
1.802406529441099536e+01 6.199496513511029150e+01
1.167989820056895667e+01 1.174572055590976731e+02
2.574317465325484591e+02 8.728254817571450275e+00
2.759626699051874539e+02 2.299730891904971841e+01
2.482159006833948638e+02 3.589583886515431921e+00
2.596953980853062944e+02 1.952138068048099839e+01
2.525641960435342526e+02 9.519018839907950280e+00
2.062663364767245184e+02 4.261481190912228101e+00
2.573747481850693930e+02 4.351298130679175813e+01
1.676540457838307674e+01 5.422129459740187229e+01
1.372674073270429673e+01 5.969023935830080063e+01
2.685523800736974636e+02 2.783417125908656686e+01
4.374864251456012099e+00 2.774791455714122890e+01
2.520987260297971204e+02 5.985333006621952734e+01
2.134942445049268827e+02 1.876519171773947647e+01
2.707396976301899940e+02 1.955992651997318177e+01
2.281523089423516737e+01 1.441912053093764889e+01
1.638757135098565811e+02 1.297132401144189195e+01
2.319115096691589173e+01 1.180260718120596692e+02
1.948264581490547869e+02 4.260701325081308255e+01
2.711998535881355110e+02 2.161839075262175669e+01
1.869075081526406024e+01 5.100061472273174701e+01
2.133214106932753680e+02 1.069067690240023012e+02
2.494383167207199961e+02 7.952888158157547238e+00
2.604686627919031707e+02 5.654251635371803530e+00
2.449400362406840372e+02 6.042482257300752480e+01
2.402156989491423928e+02 5.807518082569582418e+01
2.745437315271104808e+02 2.715611842780726448e+01
2.641476375818137399e+02 3.424964801809597503e+00
2.765930275541884953e+02 3.019136342603530210e+01
2.735575492686484154e+02 7.292782138943886494e+00
2.713993405629680069e+02 1.174679598765341026e+01
2.794300708945731344e+02 3.728483141343492946e+01
1.364823234790939068e+02 2.145765167295051512e+00
2.395901953399382194e+02 4.601710619434213356e+01
2.610388517252602014e+02 7.100628305745725122e+00
1.014410855150196653e+02 4.631401936442870237e+01
2.755935892676448589e+02 4.448055322780778909e+01
2.371804434909666384e+02 8.975408111924313914e+01
2.409131259515558270e+02 1.132509162450967111e+01
2.649527064010289905e+02 1.285870299648141213e+01
2.714282487022101122e+02 1.411830352397045463e+00
2.642357279168700188e+02 -2.729834379993413052e+00
3.356895171405803069e+01 3.244502459102938019e+01
2.762994732053094253e+02 1.179047371913384090e+01
1.923226924059974294e+02 3.607294487082350543e+01
2.749317464631649841e+02 4.250384497690060925e+01
2.686184757763275570e+02 1.125932078878479103e+01
1.525868488778866663e+02 3.636751359500376424e+00
2.739237312793565025e+02 1.714121546768618742e+01
2.622025190803672103e+02 4.893540408818473253e+01
2.440148433737624316e+02 8.045032616906180323e-01
1.634559042493586105e+02 1.034281018555404863e+01
3.404438042370973250e+01 2.289362752420585778e+01
2.351235858770212985e+02 4.500494428460231688e+01
2.759472119763995579e+02 2.082011795181469793e+01
1.152507359971497891e+02 6.358412318375309269e+01
2.524247727047286389e+02 4.071522920262637513e+00
2.664168365764921873e+02 2.238549992042014836e+01
2.228552502325418345e+02 3.269822654950444019e+01
1.900392591235650741e+02 2.924973758851191619e+01
3.365516717581772355e+01 2.515929429260970096e+01
2.720788697974507500e+02 1.057731415402080799e+01
2.575129462504950197e+02 1.195949153359318018e+01
2.690225617404944956e+02 2.138645229009526716e+01
1.526704732892486049e+02 1.341653706558502712e+01
2.718545085865497413e+02 3.172256860102856280e+01
2.473466756001674014e+02 -4.172971854619216714e+00
2.496785135802890068e+02 5.613260770364275487e+01
2.227159082335779203e+02 5.841204019349795118e+01
1.869498372951140368e+02 2.589684004405545892e+01
2.152592510983365770e+01 5.337206137185754073e+01
1.312336196389404108e+01 2.080323699154087791e+01
2.449898860759992374e+02 1.000292314282340840e+02
2.428178462418061372e+02 5.227459426915929441e+01
2.600330839454412626e+02 3.395611734277576232e+01
2.397178900755123721e+02 9.159173539065155012e+01
2.296338399608245950e+01 3.343352699245904347e+01
1.694038830552431421e+02 9.948114465776818349e+00
2.345619670180643936e+02 2.970253891652284750e+01
2.950051626030626295e+01 3.594581872478373441e+01
2.340015820733109564e+01 4.497983052405830051e+01
2.111488666719265836e+02 1.051576073582463238e+02
1.408728842473070983e+02 1.971863675830631379e+01
2.844151403255485775e+02 3.330862692756657850e+01
1.962488851653945403e+02 8.162904195168451338e+00
2.539616668650957934e+02 3.023373210157040525e+00
2.457200665757320905e+02 5.573287766121370446e+00
2.530240727985675449e+02 4.572452556239140620e+01
2.621286214694862906e+02 -2.560794557367166213e+00
2.208741013512770905e+02 1.012459585170167600e+02
3.942148197568391055e+01 2.482490554249669046e+01
2.467928935817196816e+02 4.398179736779985660e+01
2.614461629800798619e+02 3.944259738183508723e-01
2.180213025032998360e+02 4.206586627000340428e+01
2.687874218547915461e+02 2.084987487340413281e+01
4.777278028334768578e+01 3.912595201181083837e+01
1.814260722782030086e+02 1.324570124734767873e+01
2.769250586501821658e+02 8.832373069892152984e+00
2.667235828895474015e+02 1.140077950201218115e+01
1.986861796059699543e+02 4.531141914892164380e+01
2.761275068684980738e+02 1.549402058599762277e+01
1.812226946538000618e+02 1.367967573506081891e+00
1.909383385079014772e+02 2.959032520019112766e+01
2.661200087549834166e+02 1.809135142166995536e+01
2.729877303628149434e+02 -2.211063236764953643e+00
1.906078673739636429e+02 5.821654143257751102e+00
2.527011594887997319e+02 5.095688925469540997e+00
2.583924813652470789e+02 6.869187087741408959e+00
2.567389245467228420e+02 1.779684205223301063e+01
2.698880884826638749e+02 3.851168352630274683e+00
2.134059085953207671e+02 1.068649955693506968e+02
2.419609254647908756e+02 5.514983104977297046e+00
2.267597224992812244e+02 3.379206705658398313e+00
2.594612054111731254e+02 5.580415773051774053e+00
2.389027594042371447e+02 4.729935029687737824e+01
2.536205897533529878e+02 1.263124785118997693e+02
2.550727947352613683e+02 1.321545607368345010e+01
2.107857031009759794e+02 3.119518596306360436e+01
2.566898497887808048e+02 1.065174161745121495e+01
1.934929033090822941e+02 1.024215783411139000e+02
1.830697718375966474e+02 7.721234517430357158e+00
2.484017712235617239e+02 2.013045645927169502e+01
2.684001888872677455e+02 1.182599910581583202e-01
2.512464649011041899e+02 9.373648307473949615e+00
2.649448984403795748e+02 -1.971071690869441007e+00
2.535205524476924310e+01 4.824422737265577865e+01
2.740505858846249794e+02 1.531070850626836588e+01
2.560809363956575453e+02 -5.689630651136682538e+00
2.598845091289584275e+02 3.420587706217431467e+00
2.090414798470682456e+02 3.720115647002500481e+01
7.879210299495195358e+00 4.057518296079979336e+01
2.743665687350156759e+02 5.294512483126816882e+00
2.442446208877238973e+02 2.727739540832645027e+00
2.713908249630441105e+02 1.144171318656248815e+01
1.225666242970112023e+02 6.007983448493877887e+01
3.280396178406350671e-01 3.105342610223709343e+01
2.075902760789434609e+01 3.567944488498243771e+01
1.647065935006735060e+02 2.166968584928115504e+01
2.416262484959046475e+01 1.337086506919948761e+02
2.812094356333973906e+02 2.999601755035413930e+01
2.701974961880267756e+02 1.738256483437051614e+01
2.368743962728239580e+02 2.503488426754102392e+01
2.104704882382287678e+02 1.120464265799134154e+02
2.554733860447885263e+02 8.517896577021414117e+00
2.702747620666947341e+02 1.015131889286885780e+01
3.847807941518578900e+01 7.973355038644456272e+01
2.715092873684270671e+02 5.666097218864260654e+00
1.927120176398589706e+02 8.420256802291160625e+01
2.602208792170205243e+02 1.089492967895321840e+01
2.669036810573130083e+02 1.509430759294314406e+01
3.695295972416055008e+01 7.886818095752978763e+01
1.363373280915669454e+02 1.657594582757266011e+00
1.983178048272621368e+02 1.976182228906505856e+01
2.550369036059777557e+02 1.933257890663853829e+01
2.593187974360373573e+02 2.763730212723746149e+01
2.706415474829618688e+02 1.288556412258777861e+01
2.567939589061869583e+02 1.609420426835762896e+01
2.202357035349070600e+02 9.566245174867729872e+01
2.701397308221438038e+02 1.680847878318691357e+01
2.648861343708017557e+02 9.182905730867284788e+00
4.658819862708000414e+00 3.686348006119551712e+01
3.317872508733611880e+01 1.980472575068542440e+01
1.986137013516068919e+02 3.749486728441150518e+01
2.430020031861577081e+02 5.344543123080208602e+01
4.520242031767015334e+00 2.573785861907529693e+01
1.678891687144759359e+01 2.277845086594046364e+01
2.593572873243679169e+02 1.057743040818603220e+01
2.690680139773310202e+02 1.842378232921284820e+01
2.594491642559941056e+02 1.687907381189743816e+00
8.105875425983581906e+00 3.300237090130168127e+01
2.384081199380553073e+02 4.170410023953340328e+01
9.227388335187292512e+01 4.574610520829703120e+01
2.563884694852453663e+02 6.627847671861281320e+00
1.664904509884927108e+02 3.397080142366215938e+01
2.707307053636778846e+02 3.490685141517742451e+00
2.641735161573165556e+02 3.345229122445879000e+00
2.627386843341085410e+02 1.472482954031713120e+01
2.704316653586923280e+02 1.611942037682324624e+01
2.660937357573966437e+02 4.499493686664307823e+00
3.712810155744841722e+01 5.809466270796374943e+01
2.607355554176135115e+02 1.688432188686121549e+00
2.589701360759764270e+02 1.556892791954597932e+01
1.746862734311023360e+02 2.499579614983076681e+00
2.624331361785579020e+02 1.733178407120950482e+01
2.676705476226739506e+02 4.645022601168282250e+00
2.585219349479432935e+02 2.708082726135961238e+01
1.852327662891295006e+02 2.060974231297866055e+01
2.710638842380849383e+02 2.920759997265826691e+00
2.809507553332063026e+02 -8.205633999985639804e-01
2.255266324083220297e+02 1.052263186704265223e+02
3.653834183376102374e+01 5.006586867021920284e+01
1.981253426010504270e+01 5.395266946609200431e+01
1.750222098850381656e+02 1.759427001014162784e+01
8.290588535274723725e+00 3.763984857403698214e+01
2.712837773687733147e+02 7.948773841666410434e+00
2.818525240809805155e+02 3.693139991250956200e+01
2.713611228823156125e+02 1.863078797089803373e+01
2.685542538870271869e+02 2.258998355930761548e+01
1.484276114478018371e+01 4.749173775499479433e+01
2.486736436711305487e+02 5.093408964987173704e+01
2.698697792637091197e+02 5.423863123160550970e+00
3.864238230078967007e+01 3.890842577893585030e+01
2.401235310183247975e+02 1.947671524442873903e+01
2.588196316217182584e+02 5.529035840516375977e+00
2.555887113072819830e+02 -8.006764814553697818e+00
1.285951635020547101e+01 4.173671514064351129e+01
2.308462504405516427e+02 4.211324922811084548e+01
2.517011529523862521e+02 7.301410491027333194e+00
1.783616364824493417e+02 2.323182144388522019e+01
2.726340869675082672e+02 1.710584283208080691e+01
2.648901563108980213e+02 9.869255261072469310e-01
2.040968411325047214e+02 9.405779411147942426e+01
2.513873034189630573e+02 2.086904207299222769e+00
-3.419759069241850469e+00 3.017553963572399667e+01
2.621588011220447925e+02 5.436557303936100993e+01
2.411083454517292637e+02 2.160791393373390790e+01
2.625176199718154066e+02 7.002014499812645454e+00
2.585157942191769962e+02 1.120836619899511177e+01
2.531995081792178723e+02 -1.249978357730025191e+00
2.787297565671602797e+02 2.959277677564312370e+01
2.532374579344230199e+02 1.295606177550865539e+02
2.797029525569491284e+02 1.495719941982528844e+01
2.789343009344045399e+01 2.840863733655260148e+01
1.787152527372293775e+02 -4.994655679499127032e-01
2.774330662402049938e+02 3.451886771225883876e+01
1.985730631922905900e+02 2.581605950807121985e+01
9.099650914743726560e+00 5.370690525709918006e+01
3.429623324492341396e+01 6.163231504384384607e+01
2.877860532766929396e+02 2.775953795420326031e+01
2.170615027272123996e+02 1.008966870182032096e+02
2.458921598252640308e+02 6.169814776453009131e+00
1.925706743939534249e+01 4.571630587915566934e+01
1.814807498776036709e+02 3.676940377080819644e+01
2.512992237934455488e+02 9.454551903669250024e+00
4.437744041210086010e+01 2.987940032112609856e+01
2.403992120320752122e+02 1.335389800939314568e+02
2.723270655855420728e+02 2.140269960429331064e+01
2.288809988218736891e+01 3.788804056939587639e+01
2.507614719597370083e+02 5.144453642465445675e+00
2.772489256345199351e+02 3.160067964191777889e+01
8.694839983216044743e+01 3.883634190574898071e+01
2.566236030761231746e+02 4.007615116170631708e+00
3.498439476789985747e+01 5.502578180264021768e+01
2.507043150801321758e+02 -3.379630659306572138e+00
1.796789088972068100e+02 6.571825100498682559e+01
1.967721539538281661e+01 6.076246613179640121e+01
2.541716457636942437e+02 4.800934760365231568e+01
1.747573557508195208e+01 6.733891057264105484e+01
1.904104973719442171e+02 3.743299610207393613e+01
1.363065125247324545e+02 8.985018742170369777e-01
1.421157304714755298e+02 6.669155154412250397e+01
3.398773769980532222e+01 4.914551180244250617e+01
2.555145182826069856e+02 8.486925772410145896e+00
4.615737398463404162e+01 4.030900153617300674e+01
2.679801364178762242e+02 1.715469559706585301e+01
2.602829065286620676e+02 4.019561224992672877e+00
1.924173713724449897e+02 2.743682945705985432e+01
2.531118895869241783e+02 1.130826655918980350e+01
2.459768113828177150e+02 3.984150384228934172e+01
8.227749549193038803e+00 3.709824360946991106e+01
3.430340507829174612e+01 2.022964126338580826e+01
2.023026920627126515e+02 9.596402920770808009e+01
2.640160631590930507e+02 5.845470987039074373e+01
2.629539010410852597e+02 1.933848590811513279e+00
2.340569465016591266e+02 5.372682905565339695e+01
2.485401322318497250e+02 5.537579458577708635e+01
1.276659044434731385e+02 8.737988841466129486e+01
2.715569551429126136e+02 3.169537122966679021e+01
1.289726521427330681e+02 1.082783293725527756e+02
2.581503252198721157e+02 8.927256375329744031e-01
2.759527746258932552e+02 1.989752784668986862e+01
2.461263570830415688e+02 2.130159977794996351e+01
1.110570364684774169e+01 4.294549543505500822e+01
1.762650329494617552e+02 3.334162324146288370e+01
2.490035245286259169e+02 5.836404162280071972e+01
1.952684178586468704e+02 3.714046446487833109e+00
2.504506665816771260e+02 3.022351405475827590e+00
2.712674234590013498e+02 1.118303970263255387e+01
2.052346942736953110e+02 5.996687922009698468e+01
1.775257448015442918e+01 6.099624552267607669e+01
2.034658380976790681e+01 5.090523982092265953e+01
2.151706968026971083e+02 1.095245467867616469e+02
2.682751545350600395e+02 5.017652994887450646e+00
2.506790008625717405e+02 4.053001356674107214e+00
2.280774463252663153e+01 1.168448810075226874e+02
-1.449300037057959400e+00 3.741920252828143134e+01
2.440959589877421081e+02 -5.391438154365301827e+00
2.768105997405446601e+02 2.407338064134764721e+01
2.815507901599647198e+02 2.576553929125795150e+01
1.798705168701834225e+02 2.287930977470250582e+01
2.545354358861854109e+02 5.097551947700828201e+00
2.587664931131027970e+02 8.962090800604935126e+00
2.040257508701498068e+02 4.251721136227360631e+01
2.333737636868346499e+02 9.785779672033001475e+01
2.414284593491973396e+01 4.971654668243842679e+01
2.458263486219657352e+02 4.677650120055044169e+01
2.192563668026699304e+02 1.277778748286905000e+02
2.714667072549803493e+02 2.650552936143049543e+00
3.078493763379646708e+01 6.317333684991899645e+01
1.614214513149699428e+02 2.093686443339283443e+01
2.601049714975544589e+02 1.103955900593211226e+01
1.432612447739206516e+02 1.201392488896081545e+02
2.041607419656734521e+02 2.656333872079762415e+01
2.572396205696372817e+02 4.141072560810133751e+00
2.782430226597664387e+02 8.614891639778097243e+00
2.631148437442907380e+02 2.395891648410501062e+01
2.391401723527525007e+02 5.647375510567164270e+01
2.626039047883706417e+02 6.035710475444590273e+00
1.284486656454862441e+01 5.869612378351905591e+01
7.706703135780918146e+00 4.099735395290809237e+01
3.235954793756867787e+01 4.016681022049950656e+01
2.549602737714295699e+02 1.186425051707250766e+00
2.225300828002258768e+01 3.361809692277410022e+01
3.621716425112487059e+01 1.216227956098118739e+02
1.132356902251464170e+01 3.866122051984707042e+01
2.599286333412759973e+02 -8.423495165667482354e+00
2.134231460548707275e+02 1.119161248260964214e+02
1.900959296617465384e+02 3.175893468029325817e+01
2.686833072331664880e+02 1.365018230169119384e+01
2.645466674029992191e+02 1.907195176527561387e+01
1.834466719165812947e+02 9.577036180006329857e+01
3.351683692933696079e+01 1.231950104258663181e+01
2.703943179333809326e+02 1.015800447206942536e+01
2.289493138273603563e+02 1.315165241030419736e+02
2.440242944995549124e+02 1.197364350974079805e+01
2.179620780243471856e+01 4.807617682497377842e+01
1.335641229933664249e+02 7.705430702735637283e+01
2.807987881406935458e+02 2.369719124876757377e+01
2.304550435750475970e+02 5.244014570383084362e+01
2.654188953920220797e+02 3.022440120578790967e+00
2.599669115378900983e+02 -3.730736668053145522e+00
1.612708046603014367e+01 2.856723961094468933e+01
1.965480102774717466e+02 3.872897199908084076e+01
4.439000618289068711e+01 5.821787014789351389e+01
2.645402274894111656e+02 2.653291537810756040e+01
2.398948569307805485e+02 5.246345736855263908e+01
1.819445631718581069e+02 6.960916299636266125e+00
2.575403189034214506e+02 1.769380284250239299e+00
2.780549610064402373e+02 2.669759295130807430e+01
2.495898168309448693e+02 5.234386454311380987e+01
2.014191490652800454e+01 4.559371448218537637e+01
4.342734700092279354e+00 1.540322858749466839e+01
2.611747643325696799e+02 1.744289918889697333e+01
2.459689710064789097e+02 -9.211849291999874012e-01
2.175829484696833163e+02 1.141489163440836450e+02
4.563237635182304786e+01 1.691853866107281945e+01
2.409799920550645425e+02 4.681894710491052791e+01
1.903656854818062811e+02 4.849720659259064348e+01
2.694897286750549483e+02 9.263597366276563605e+00
2.669328869530999100e+02 -1.415524796847221545e+00
2.399985986110029614e+02 3.749089617116238315e+01
4.679755244961519622e+00 4.128649935677348992e+01
2.499992577056054301e+02 1.346092731906114892e+01
1.486828292367584652e+02 8.503815773639591669e+01
3.277945436558869829e+01 5.457830455655660273e+01
2.766784365723828500e+02 4.969354856008123988e+00
2.506599069692717308e+02 1.800575854059452752e+00
1.561015288236910337e+01 3.290962139484373949e+01
2.718974908090567624e+02 8.373377236100711940e+00
2.643099180346050616e+02 2.128673938821570033e+01
2.504007324742275102e+02 3.188114797376716325e+00
1.768170427281674222e+02 1.156451848087499457e+01
2.816944924974870332e+02 1.064257075675401154e+01
1.797666389395876934e+02 2.002473214653594624e+01
2.653035420459964371e+02 7.733986077538368420e+00
2.703796197873073197e+02 2.968692559357991811e+00
1.975015329185616864e+01 3.550126840821451424e+01
1.010278712932797305e+02 5.383836579923216448e+01
2.335688535565643349e+02 3.805508165310165936e+01
2.387787379096306779e+02 5.279314750007166168e+01
1.239420750740508304e+01 2.566021958205723053e+01
2.191756634571069924e+02 3.959247438100750571e+01
2.815751830585597304e+02 3.621477755568696466e+01
2.674443456668521435e+02 -1.720934144031075697e+00
2.030347912207664649e+02 3.016875688721427196e+01
2.594209924236865845e+02 2.630071420789023406e+01
