2.788055615058127614e+02 1.127211471084056882e+01
2.685871824713618139e+01 2.445962429004991634e+01
1.562044678187611453e+02 -4.826287159963861484e+00
2.696347260129904839e+02 2.719953601156234058e+01
3.690579190089129469e+01 2.878088530600826189e+01
3.109787148519432876e+01 3.472886205143949212e+01
2.432271882171244499e+02 5.896578767702887092e+01
2.895295250028230072e+00 4.570665907835795849e+01
1.136603142206038228e+02 1.044623196806244607e+02
2.658565475474841833e+02 2.168133618158396558e+01
2.668015153008585116e+02 2.722979921153890359e+01
2.819765154676709926e+02 1.426838160701057845e+01
2.757863917531027482e+02 1.642728935797138590e+01
2.632200136845729617e+02 6.278139310499827097e+00
2.458835690097501754e+02 5.963574387490018225e-01
1.754563327005869766e+01 3.636198298217507840e+01
2.360367971033407386e+01 1.449772401123634502e+01
2.613007134513225651e+02 1.986002347967104242e+01
2.646642328767932781e+02 1.686421376690522678e+01
2.555982197865201044e+02 1.116634362921337242e+01
2.805649852894640048e+02 1.197722287982979061e+01
1.725044785046876257e+02 2.702862659869348150e+00
2.793185008919664369e+02 1.125226509963721000e+01
2.734495082075401911e+02 8.394228590755872688e+00
2.577867253583348202e+02 6.280341386437677897e+01
2.007066603823095079e+02 6.733679676886517029e+00
2.569494382904459258e+02 1.671034580394855418e+00
3.712124191670937989e+01 9.834508044182628339e+01
2.480805318937909192e+02 5.370693076227368579e+01
2.495549967105757219e+02 1.383275112535262608e+01
2.504299653332802791e+02 5.360004198280185506e+01
2.401891229196194217e+02 -2.000734798089737421e+00
2.048784581144812194e+02 -2.393011450672055673e-01
2.530584693006153714e+02 9.628156907859517943e+00
2.683842466362571031e+02 8.615944692172814001e+00
2.151069779892173415e+02 -6.460671828884585466e-01
2.268923376788575297e+02 7.762674250959369360e-01
2.046672762279676760e+02 2.647719841163658572e+01
1.203062473642539310e+01 5.985007386047523426e+01
2.745748897088295735e+02 7.060469199957797315e+00
1.988645926436070681e+02 3.564531152905751554e+01
2.569588130835921334e+02 4.771301291800648414e+01
2.555435393324576694e+02 4.889031973162952127e+00
2.494067613361895042e+02 1.258080365082428642e+02
2.760784961342392876e+02 1.907445670966105666e+01
1.659930837644393762e+02 2.754359508538760792e+01
2.707784480287958218e+02 -4.236667166814997998e-01
1.663094721665810596e+02 2.349330286305047721e+01
1.735219846293519552e+01 4.132765729328395565e+01
2.440850922587289631e+02 -3.266621045001745216e-01
2.403672818686304424e+01 3.385790957953161495e+01
2.161660262607769880e+02 1.069082714776853322e+02
4.800372307859758436e+00 2.302218485086119770e+01
9.243382505514577474e+01 5.094598004026632054e+01
2.751172584364624640e+02 1.363704107888571748e+01
2.565805714574555623e+02 2.578269692163611282e+01
2.432698424912164512e+02 4.001201552191530908e+01
2.572950624284605965e+02 4.158766985013651052e+00
1.930746680642295701e+02 4.470325019478681838e+01
8.451606385721505887e+01 4.308037897558545382e+01
2.428166613174567772e+02 7.395177255371761404e+00
2.847482844981102090e+01 7.079316250767794827e+01
2.556661417891255041e+02 1.083522162869887850e+01
1.516961823138914234e+01 4.720508806623102060e+01
2.078067804248127288e+02 3.488010897338679861e+00
1.625865402531925241e+01 5.552272354872231119e+01
1.796823884315043784e+01 6.063042000650280272e+01
2.169170920883611018e+02 3.444347198296361512e+01
1.620299099532738651e+01 5.335261067317181016e+01
2.510410122088856610e+02 4.163692820154805929e+01
1.567305354458333113e+02 1.021955178157876709e+01
2.576523148619510266e+02 6.920028985312058012e+00
2.801042210011735278e+02 2.312373238513130147e+01
2.771824436130531240e+02 2.811518524082379855e+01
2.774556009902785831e+02 9.595760338538960710e+00
2.523545474882068902e+02 4.419096360003312185e+01
2.511794304988089834e+02 6.043195333422533011e-01
2.118375227285908977e+02 2.869918044312174032e+01
2.723508396189893688e+02 2.857440596865484750e+01
2.608207132708344602e+02 1.375959939360750539e+01
1.960961859401245135e+02 1.756637140287705634e+01
2.696712046118348098e+02 7.676617655093502357e+00
2.657675415664438674e+02 3.480860401552024541e+01
2.554718410324774993e+02 4.719886664726762149e+01
2.469627358009589670e+02 9.643016561388290597e+01
2.619220930460548402e+02 5.046623707996413799e+00
3.331517572638088609e+01 5.976126186513251781e+01
2.273493428656004767e+02 5.429891789785207834e+01
1.629364430814312641e+02 1.880710876513998997e+01
2.839297234237547514e+02 1.808415780002756890e+01
1.908901907724616933e+02 1.310904929128732377e+01
1.906544825518232500e+01 2.809692563915516672e+01
2.370656920844800482e+02 9.694389635906640024e+01
2.505389951825566186e+02 8.057327750817663059e+00
2.597841617524958338e+02 9.739820684055549904e+00
2.152810705122485615e+02 1.838478155930651070e+01
2.421616552059814182e+02 4.444394142014191473e+00
2.750455149553130241e+02 2.643900300943310100e+01
2.546212873041939702e+02 4.908640555512297965e+01
4.426293169292598861e+01 4.213710232090362240e+01
2.563719790069766304e+02 1.507992582942473447e+01
1.891540990017157640e+02 2.630365511942105883e+01
2.605765375420328951e+02 3.953964020116436018e+01
2.690842975213967634e+02 1.791854622762974003e+01
2.678956839423799465e+02 1.124980211919491779e+01
2.594741198986206996e+02 1.346804132907716678e+01
2.555798683358233347e+02 2.591959118198977841e+00
2.495744715300959058e+02 -1.263035281350028960e+00
1.768554096124694581e+02 1.471027677897030372e+01
2.498114472860552269e+02 1.154980365916251195e+01
1.148721681082611745e+01 2.879657145568027232e+01
2.735233571023871946e+02 2.187353687710308847e+01
2.497019015788962406e+02 6.782899000055065741e+00
2.575077502498019726e+02 8.883936384223510174e+00
2.513327039635354936e+02 1.232658624211613763e+00
2.486822329941135763e+02 -1.211296053302913123e+00
1.721666391037985022e+01 4.264051533631966606e+01
2.423052951094356899e+02 1.153229909706033673e+00
2.334533009012303637e+02 9.437074220037473538e-01
2.660345776191284699e+02 3.693059028831996216e+00
2.615096444420780131e+02 2.532245669953786305e+01
2.683849478576448178e+02 1.941275425951721090e+01
2.552771760561029168e+02 4.858805520643862508e+01
2.530005242896951643e+02 6.798993089636551801e+00
8.894864784475423392e+01 8.152935454370806667e+01
2.800347623085125406e+02 1.128991844978596326e+01
2.852789868861296441e+02 1.901593910052655900e+01
1.345298655613301833e+02 4.410159006136868953e-01
2.021234205562142279e+02 3.505340664156234709e+01
2.571074120558583331e+02 2.830041536516869627e+00
2.764369216169241099e+02 3.200719547587942060e+01
8.877743185766405531e+00 2.918592594860357181e+01
2.495274338829622423e+02 -1.709679052874684579e+00
2.010805078025163084e+01 4.704412352510369999e+01
2.694995368692350439e+02 1.546770336998533857e+01
2.753277339833946940e+02 3.555332904794819449e+00
2.657325751126905971e+02 1.589518290981780169e+01
2.579033407907325568e+02 1.308130720095337729e+01
2.705374368527121760e+02 5.761010221711424073e+00
1.599462952431594829e+02 9.751197173803964446e+00
2.493144729375885049e+02 5.509400617822511492e+01
2.524687769870258194e+02 2.558012336072756909e-02
2.757642117402602935e+02 3.486975791388419310e+01
2.554288709136808393e+02 1.535836020774059563e-01
1.951799012018207691e+02 2.282912224248778088e+01
2.235220825393017208e+01 6.081464763325832479e+01
2.490932897581001839e+02 5.997716392575483724e+01
2.580737916323648165e+02 -6.622900074771962409e-01
2.116387252534706249e+02 1.803088649475775185e+01
1.602253727275081872e+02 1.512345761291089197e+01
2.567162742063197811e+02 1.046129861375733405e+01
2.202962772511549758e+02 6.758032411966898678e+01
4.044153492587018661e+01 6.948309162410103568e+01
1.969606945231652517e+01 5.356188958083528462e+00
2.720041415447940381e+02 3.331921798454298767e+01
2.544485609483197663e+02 -4.999549687383281871e+00
1.466493612504183730e+01 2.400663012483369840e+01
2.748824239228973170e+02 8.550809610416418849e+00
1.895772854365798139e+02 7.562479758059094337e+00
2.563421746980689591e+02 2.629781194082339013e-01
2.732880741261993194e+02 1.121721127304426702e+01
2.543107596562098820e+02 7.370793772318997128e+00
1.905569552134931826e+02 1.958528488836774883e+01
2.568929719737996606e+02 4.935960296613988163e+00
2.612577145553892706e+02 2.235419820942593105e+01
2.670190360720750959e+02 1.860175507196917977e+01
4.240622972006336511e+01 4.694258151896717379e+01
2.201959353883950712e+02 3.761699372747406045e+01
2.548321867368480866e+02 -5.559499986613767319e+00
2.618466133502238335e+02 9.653172380856293699e+00
2.206187230408191340e+02 5.242367399925934279e+01
2.648656834401930382e+02 5.001078276526751409e+00
2.722140200111502395e+02 9.118038221292017909e+00
1.716679962476950436e+02 1.711253402735188445e+01
2.247479891520552542e+02 1.163577261122574384e+02
1.419776043706405133e+01 2.811548705597810738e+01
2.210213678732570202e+02 1.134912604768786650e+02
2.472841625038099096e+02 3.706958872567234664e+00
2.619423368830205732e+02 1.091604584865262240e+01
2.459796890290576528e+02 1.477819935623745451e+01
2.609241402348874317e+02 1.569509797515716798e+01
2.476927526859331863e+02 1.012508597096200447e+00
2.633869968193503723e+02 1.204429081813345626e+01
2.334026562496621580e+02 1.036681909383952416e+02
2.307859131548620439e+02 3.018535234123269362e+01
2.739623475882527828e+02 2.323513115817696040e+00
2.738385432667078589e+02 6.137713464328326651e+00
2.448748552881570504e+02 -3.989495590525722335e-01
2.285843934882240447e+01 4.385798409178542556e+01
2.543722506633337446e+02 7.321701284371565421e+00
2.616468766646944033e+01 4.044936855535145526e+01
2.853190900426384928e+02 1.568511359543318662e+01
2.026921104644575848e+02 1.134303099707327611e+01
2.362596241272087809e+02 5.952149161511789544e+01
2.704894384284364151e+02 1.280151448057689834e+01
2.636399303106535967e+02 8.860508644158276326e+00
2.286392902537446901e+02 5.700938046211929588e+01
2.049887146252534365e+02 -4.767025669087010087e+00
2.796121689550810743e+02 1.728322567675733978e+01
2.779751193062460288e+02 2.166144415512239618e+01
9.414928706445678586e+01 5.775820230351506268e+01
2.694555647398862561e+02 2.687710085505951696e+00
1.419034079007032467e+01 1.829168293556091385e+01
2.663510153526042927e+02 -6.453804128706936538e+00
2.627470732001534657e+02 2.150162275290258052e+00
2.392624475074809993e+02 5.799319142257728998e+01
3.843114121922586435e+01 7.841594667428380205e+01
2.548795185639996248e+02 4.165683351995046024e+00
2.743196671771723345e+02 5.430334921085815836e+00
2.282241952153090381e+02 1.285984165972593871e+02
1.288570057988241047e+01 4.002411826138427386e+01
2.866059061671039103e+02 3.983866867905754816e+01
1.392956043468106841e+01 1.207380180762108921e+02
3.617107852573523985e+01 1.273214417558397216e+01
2.829427050979891760e+02 3.542172475462065506e+01
2.702077817087230756e+02 1.072350127541710378e+02
2.085477571472962666e+02 4.382617498336648509e+01
2.640456074487669866e+02 7.374159685501676442e+00
2.473969848881762630e+02 1.012215225502737610e+02
6.398262288099444639e+00 4.474597206608446243e+01
2.560605737315484021e+02 -5.849758759601786373e+00
3.534536930876171112e+01 7.631734229322304941e+01
1.617361449231641473e+02 6.709397578613600643e+00
3.743756044401851568e+01 5.243605108720938546e+01
3.240445610667688925e+01 4.434937227680327965e+01
9.516667191316701135e+00 3.548775972091370079e+01
2.113878114080289095e+01 3.702190902883798884e+01
1.180604012904243660e+01 3.498404066316837913e+01
1.592573797836805483e+01 3.661752751976854370e+01
2.320024468758459477e+02 5.005403638836713043e+01
2.541703863099534146e+02 5.672500435012713282e+00
1.822462042113141081e+02 -7.218073544270176001e-01
1.799303351644153679e+02 3.038558358183044206e+01
2.770515558287280555e+02 1.395558769751202632e+01
2.818169579575155694e+02 1.369708273756376116e+01
2.646335866793575633e+02 -4.270658539569421208e+00
3.622664748373865251e+01 5.072888780500289840e+01
6.621472902287532492e+00 2.670486168303490970e+01
2.671303220650571575e+02 1.656504711811522768e+01
1.397320077973959584e+01 5.698045578911436593e+01
2.969525774052279132e+01 3.627277733447240848e+01
1.779624307241458894e+02 1.378941850991183138e+01
1.665606416582164115e+02 2.441220621168017857e+00
2.716495389311527333e+02 1.305474283078642017e+01
2.632235059654107658e+02 1.342821883959138951e+01
2.192021438133056321e+01 4.000959586441974380e+01
2.677663219457721766e+02 -3.426513463439048834e+00
5.626277078395558462e+00 5.216333109375084121e+01
2.355680523718100403e+02 -2.494761371224700319e+00
2.727453159587806795e+02 1.776288529184117237e+01
2.611923331081684978e+02 3.234490727548968714e+00
2.691224075483782485e+02 -3.845547908889666910e+00
1.809419633194123378e+02 1.203584744972593157e+01
2.434547753434194988e+02 6.274474807809072274e+01
2.769313374993098478e+02 2.016369509353315337e+01
1.984094576056945982e+02 -5.149036906666877300e+00
2.288254350774170973e+02 5.763322848037462620e+01
1.953364638956280430e+01 2.942497481385931835e+01
1.801571322326172364e+01 4.197011670863206234e+01
4.522620831275219189e-01 3.785616631116782571e+01
2.116144752834243263e+02 1.096365614976404288e+02
2.508959474668682219e+02 1.677661126545920922e+01
8.546591706447308923e+01 4.767498281790209091e+01
2.820721281702372494e+02 2.704062224465199904e+01
2.572715080556915836e+02 6.347614118244044867e+00
2.551378466467397175e+02 1.297076620762220323e+01
3.185870665489817100e+01 4.289715606586018737e+01
1.524825760358724658e+01 6.387005933964221072e+01
1.925786437485028273e+02 2.141887846681950691e+01
2.551528953684693022e+02 3.175599104038562714e+00
2.624367597370139151e+02 1.597722875197428394e+01
2.064864333180470339e+02 3.148760726939176635e+01
2.560891471958669854e+02 3.015215971896581415e+00
2.576081352583473745e+02 5.013493942486739741e+01
2.199960403030962368e+02 7.063829643649518175e+01
2.672760284562169204e+02 1.001066615684518801e+01
2.572239709981409987e+02 1.810694456948387909e+01
1.972539729457699877e+02 1.286523618008991399e+00
2.507736920813576660e+02 8.770017895625297655e+00
2.728059702737505745e+02 4.283390637747441332e+00
2.588762697411195290e+02 1.427568430597597526e+01
2.571147675917189304e+02 4.105955471164255854e+00
9.206348738333778314e-01 4.723436630277884518e+01
2.568971031192521650e+02 1.118456577148785698e+02
2.759306355880816568e+02 1.682851172626697434e+01
3.702318544933945788e+01 5.870332458567051503e+01
2.784566084698750501e+02 1.775290334136785475e+01
2.090095568603623022e+01 5.109132982534553946e+00
2.440326449853227189e+02 -7.673157392020155676e+00
2.610107277491698028e+02 5.381752134063956916e+00
2.607726713714700395e+02 1.840885794210319659e+01
3.516141053947579564e+01 5.958242248875775715e+01
3.226031308823169041e+01 3.854089649953068175e+01
2.784689762293057811e+02 1.859247415008498550e+00
4.374947678601376566e+00 3.702244387917708934e+01
2.569998879433667298e+02 4.450241274973348204e+00
2.525177823834989397e+02 1.241499989461618441e+02
2.894919327368844364e+01 3.714923721178520566e+01
2.488331121407734372e+02 4.605006029579899263e+01
7.522790390988136622e+00 4.833798106972982112e+01
2.449993417969477889e+02 1.050276249112481075e+01
2.548928857340573586e+02 1.032620136391860655e+02
2.827906495019462909e+02 2.042760760969789757e+01
2.495210786593229102e+02 1.673464013015002294e+01
2.017315226879229897e+02 2.538340959525915252e+01
2.742609676255469253e+02 2.682654489303222078e+01
1.197703941160007446e+01 4.882407143218038215e+01
3.228797457832658324e+01 4.033074184768037895e+01
1.123123051178730414e+01 5.870240475549228876e+01
2.508627299698593447e+02 5.300313902367716423e+01
2.846205637338552492e+02 4.504640628614764353e+01
4.065395989245664765e+01 4.847182557720076090e+01
1.816366641759375113e+02 3.508442945807098567e+01
2.688464997132604708e+02 1.264311342725990528e+01
2.668728167447285387e+02 5.584513302935134149e+00
2.677655327128954355e+02 2.144763540196970908e+00
2.666146019145925834e+02 5.652779414276826842e+00
2.717189235707621151e+02 9.648001737524820598e+00
2.585113119175743464e+02 9.579609532032090868e+00
2.546222186244434909e+02 5.150341333881940642e+01
1.380476506257423530e+01 4.227778938827364641e+01
2.752226515496848833e+02 1.701773138156591259e+01
4.697686744165824102e+00 3.055080572021219254e+01
2.557563264038337252e+02 1.646297018161889980e+01
2.657422200934657894e+02 2.388857128056529433e+01
1.963249620515087486e+02 2.718052275809000662e+01
1.724728702114551879e+02 2.289603353119494855e+01
1.877913497145003987e+02 2.484996302754799657e+01
5.772945249092220621e-01 5.571085885326825604e+01
8.096311529691282871e+00 2.093012367505059856e+01
1.491451285544518157e+01 3.919024750379733746e+01
2.637826844542752838e+02 1.036430028988702823e+01
2.628785709634980776e+02 -8.486364378875457248e+00
3.424085609350494508e+01 3.998537706278659698e+01
3.610013326713061588e+01 8.057586344815754842e+01
2.709701971963693836e+02 2.225571469927708534e+01
2.008892347932333280e+02 1.773030059879234344e+01
2.703118196024943813e+02 1.039872354180422320e+01
2.318370001834611003e+02 5.806393014981225775e+01
2.813815404665410256e+02 1.298752226636507601e+01
1.352009882940983516e+02 3.976833977504711015e+00
2.746950749338490141e+02 -8.125116197208663849e+00
2.816668579174707929e+02 1.677772207341682886e+01
2.452568679296502694e+02 4.999993874060537635e+00
1.891167996494149861e+01 7.179237886262467327e+01
2.390444306998311319e+01 3.897298419615867715e+01
1.986436649486848296e+02 1.854265162237049225e+01
2.156962974966719315e+01 2.815656778119979009e+01
9.106564068380887988e+01 4.827844083726882474e+01
1.964976864936639913e+02 3.224009527334693104e+01
2.593030410542370419e+02 6.241930828149317101e+00
1.919496751102891778e+02 3.630134176355820586e+01
2.606302711129076215e+02 2.219889258791472741e+01
2.029934518417163503e+01 2.974811581710705966e+01
2.569167899538642814e+02 1.682970077478626791e+01
2.435831784079734064e+02 -3.342245119969984302e+00
2.511934965843529994e+02 1.268531816883646002e+01
2.772781219347812964e+01 7.170526067601537079e+01
2.590527282746174933e+02 5.643511657362415335e+00
1.062004565530816365e+02 3.791623912550461739e+01
2.823812765493629513e+02 1.597008529922678477e+01
-3.253613631011160301e+00 1.908744623608647117e+01
2.804038758107777767e+02 1.646902353717045386e+01
3.535440291128431056e+01 4.701146080097274194e+01
9.512912455847182258e+00 4.273891468550026929e+01
2.306570120747404644e+02 -2.473599450164532421e+00
1.437937640866436197e+02 4.982230005513019933e+01
2.700594979037419989e+02 7.722313820836792075e+00
2.187396452577535655e+01 1.582415717437582536e+01
2.424786033751928827e+01 5.864645056295705672e+01
2.595589664333767814e+02 5.225825740244229856e+00
2.460658928926926023e+02 1.052149681366458012e+01
2.689750474101767850e+02 3.591510198800717646e+00
2.786357628234786148e+02 2.888123345508749651e+01
2.655174364271365448e+02 1.262113013447347498e+01
2.288596808629915458e+01 3.805842154885011297e+01
2.540530523230114852e+02 8.641165703084496386e+00
2.623001731675827273e+02 -2.465971481440002222e+00
1.822006893386428317e+01 4.307232874586220106e+01
2.469527493554099351e+01 3.758491392001599962e+01
1.777165541331727923e+02 2.674812075673523282e+01
2.391152131629550865e+02 4.455481995155243879e+01
1.839529830705135396e+02 2.320598092587328409e+01
3.474013979371456173e+01 5.699429524309508110e+01
1.375725764847140908e+02 1.032075486185322148e+02
2.221367428109969921e+02 1.269851034688932430e+02
2.709819629108257004e+02 3.097706855644170076e+01
2.619498667544045247e+02 5.053984249897240488e+00
2.022586870302176294e+02 1.947633951927128493e+01
6.391475676339963385e+00 5.920942784700679340e+01
1.877455162614774338e+02 2.250214468892453823e+01
1.446485569957856043e-01 5.202220007957686221e+01
2.466801231479718979e+02 5.640213779681889861e+01
2.539569518772746051e+02 5.780017253299666891e+01
2.698924213985457641e+02 6.185461893475574513e+00
2.235196015990419482e+02 5.343200034241817065e+01
3.379575090381769087e+01 8.176646377426395418e+01
2.383139004695379626e+01 6.196786903688956727e+01
2.543407606105728007e+02 4.133258527982522423e+01
2.701045214856183563e+01 4.539142878254965296e+01
2.101377339021715684e+01 6.282241506620698601e+01
2.807168863748769922e+02 7.715155503213782850e+00
1.848611523565739958e+02 7.808804997672691428e-02
2.542517887958691745e+02 1.846457623749710564e+01
2.625942511765620111e+02 1.233974175553970198e+01
2.377925999084302759e+02 -5.934131773461863268e+00
1.692092105520344347e+01 3.198219984177969621e+01
2.576031133093888457e+02 4.415236500581354306e+00
2.592712925342175936e+02 9.601389438801245291e+00
2.435131107863588511e+02 1.721429369819603394e+01
2.588629861306552726e+01 6.432458162636497434e+01
2.418548116530942877e+02 3.985436052110144800e+01
2.812604829053395292e+02 3.594249811787021542e+01
2.001159779346539267e+02 2.399218640291556071e+00
2.472911741298358095e+02 1.316029226332220503e+01
2.524739142847711832e+02 4.786613125585255979e+00
2.514074445470197361e+02 6.634699460776140256e+00
2.055893588330473278e+02 2.647007069239885979e+01
2.649435826781627838e+02 1.379110684220592731e+01
2.142175049985805799e+02 1.040159217365689557e+02
2.731381904707815238e+02 1.407242252419786510e+01
3.097816447484620639e+01 5.736716765417664732e+01
3.046384481823786672e+01 5.241058970809748274e+01
2.746826439559371238e+02 1.621190857360219084e+01
1.543084681334933634e+02 6.364870839326567165e+00
2.580580243571860706e+02 8.419522385769990791e+00
4.051952266560425642e+01 3.981167952819602363e+01
4.451305582809947481e+00 3.877959924289991278e+01
2.554209834094861264e+02 9.253472492534573490e+00
2.842882354384946666e+02 2.791359523177059998e+01
2.502528613930628012e+02 1.290419046267334693e+02
2.169617795657249530e+02 2.464941482742665357e+01
2.514448422734353414e+02 1.026235690557394165e+00
2.795896480519270426e+02 1.814919016063275237e+01
3.215617448228488229e+01 4.800694565284288018e+01
1.478535615870058280e+02 2.475384652522971507e+01
2.489690152630820137e+02 1.440210109911884828e+01
2.567711958124561988e+02 7.517847874895341675e+00
2.346959089737563886e+01 6.494313152349766938e+01
1.978474589952068925e+02 -3.521268342907524662e+00
1.845946010241221984e+02 2.012478724261271879e+01
2.773983034050871765e+02 1.593879347164120119e+01
1.116441227231023845e+02 9.991228233956948657e+01
2.610628605894937664e+02 3.744879377567956880e+01
2.683796813667351557e+02 -2.493159004346362728e+00
2.457264990753674567e+02 1.344529011040339661e+01
2.555803185030859197e+02 -3.868192317779493905e+00
2.690486368137767954e+02 -2.256068880422162248e+00
2.159287410049639888e+01 6.323830211385886457e+01
1.861931814507117053e+02 -5.663631615618385240e-01
1.916971922162090891e+02 3.013883715547768816e+01
2.535718430556579222e+02 1.236682237986786248e+02
2.588933868136882097e+02 7.815537352696905415e+00
2.509201573329071948e+02 4.972486339937789879e+00
1.979754387715621533e+02 3.051560292765648086e+01
7.684722828741996636e-01 4.065760080326541726e+01
1.941473659145106296e+02 3.478891640348638248e+01
2.493098861261383092e+02 1.262854863804327152e+02
2.578397105840258874e+01 6.292447453343671526e+01
2.692925402634676288e+02 9.557374101581821435e+00
1.951390062751570440e+02 5.198949620320942699e+01
4.665011114263123204e+00 3.109595657394288182e+01
2.119270078147921765e+01 4.277502591798582898e+01
2.709783657227583262e+02 4.071748668935584625e+00
1.999789339713898926e+02 4.069098152853660366e+01
7.725772249446992923e+00 4.440722403648560856e+01
2.354757978750997722e+02 -3.097940225769773015e-01
2.400743836146597587e+01 1.165791206083010820e+02
2.739687579186297626e+02 6.676073719740279522e+00
2.639109358428138421e+02 2.734338746144643295e+01
2.335897777061335887e+02 4.878267074880808707e+01
2.794995761901630544e+02 1.474401629165222261e+01
2.350295449845765461e+02 2.213445899276394968e+01
2.561418615515898978e+02 -1.424878439408556741e+00
2.687534241527724816e+02 2.880329673607826280e+01
2.423606909849363262e+02 5.147752879893494082e+01
2.676478326909800671e+02 1.349433894427646052e+01
2.809801998428185925e+02 6.777878216679642520e-01
2.370114507791493850e+02 -5.067919767318556978e+00
2.634768715120064257e+02 1.929067110415254405e+01
1.841676101313671836e+02 3.697006150497237087e+01
2.698469007240219071e+02 4.769065167784418691e-01
2.040560267475422620e+02 -7.319861128424651753e-01
2.651383021547682119e+02 2.274090522146565263e+01
2.413634517490436338e+02 2.628616881885334777e+01
2.629754514334611031e+02 2.319389382469460692e+00
2.464486079064089381e+02 5.464574428530974970e+00
2.656271240141003318e+02 2.472953319437339914e+01
2.661978253053129038e+02 2.012606601247776794e+00
2.559690903057415881e+02 -2.244034904510147754e+00
2.148487799464572845e+02 1.914864173392230384e+01
2.569193427200927999e+02 5.448848729026803284e+01
1.832447850763248027e+02 3.054371363629649139e+01
9.527577186208368687e+00 5.566103395777660268e+01
2.621527445473779494e+02 1.276969728859440067e+01
2.798403032387131262e+01 4.412770069022283792e+01
2.643917669711898384e+02 6.520553448157649257e+01
8.469347856695343069e+00 2.080005746942267564e+01
1.556496350153931871e+02 2.735541651720550504e+01
2.490133565225781069e+02 -1.283305048072027610e+00
1.807949602701549736e+02 1.726721105339009910e+01
3.545008893118829008e+01 7.530270107053857487e+01
2.160112636536141792e+02 3.627995001195897373e+01
2.092720934262425203e+02 9.737437216171275622e+01
2.660130669756673001e+02 1.698934003381280888e+01
1.999372065067679216e+02 2.238134085358298719e+01
1.941658957322249535e+02 2.565227850830322254e+01
2.540365856422395439e+02 5.054939411930678972e-01
2.964519491519640582e+01 5.015913628858778850e+01
2.212722386118037576e+01 3.172144237714727666e+01
2.762348908187685197e+02 2.124668277935196414e+01
2.667937159307452362e+02 5.242152210978642479e+00
1.762352950254362582e+01 4.943911125880750745e+01
1.938981704266267627e+02 2.223149277583348393e+01
2.658793637732632078e+02 4.984576187584765705e+01
2.801301419126077690e+02 3.358872837531928468e+01
2.395348830579748522e+01 4.130419206685920130e+01
2.513766943367444355e+02 9.388761406446050728e+00
1.443122072648386904e+02 2.489284460392337905e+01
1.997943029253921168e+02 9.396086759416883183e+01
2.700460109167972291e+02 2.782462637902654734e+01
2.619224766579078505e+02 1.390965201496961434e+01
2.732931644782937610e+02 -1.369465745657663547e+00
2.641483393719725541e+02 1.819032591484819861e+01
2.695560853520863702e+02 1.631611155099768951e+01
2.589256641440104900e+01 6.515884888713169687e+01
2.844054169419501932e+01 5.031611768542911278e+01
2.255228958993517807e+01 3.525156166911445155e+01
2.545535313238162587e+02 8.479217675429897128e+00
2.518717292650526218e+01 2.821469656062916442e+01
2.629462165377561860e+02 1.852028416805357125e+00
1.992505683003269326e+02 -1.175583614603477933e+00
2.676881028968596610e+01 4.159679828830915937e+01
2.570976320836545028e+02 1.267043768588259134e+01
2.655586986529982028e+02 1.308630998100302456e+01
1.522376596392418833e+02 -3.310433212001982373e+00
9.661293107762662657e+01 5.786762507236392139e+01
2.123806757970409649e+02 3.976681493306328719e+01
2.592164013743534383e+02 6.908072234921984744e+00
1.967669831633491526e+02 2.733864841668712486e+01
1.821213009178188713e+01 3.453643790021725124e+01
3.126602745809346473e+01 7.990134325472224930e+01
1.580099375093529375e+02 4.047826216515566955e+01
2.429921491999382397e+02 5.185228298211393394e+01
1.727820426277765620e+01 3.221286700413935478e+01
2.543661363684120147e+02 -6.366282388331174324e+00
2.038823683161203064e+02 9.294852225628189046e+01
2.615728737106254584e+02 2.929359698768083575e+01
2.554103516570626766e+02 4.467407177530632367e+01
4.009994143907653807e+01 4.563405768197427648e+01
1.293267232752380664e+02 1.138625235298187732e+02
2.135727447443897233e+02 3.737913825070797458e+01
2.676533391002598705e+01 4.959509501799354325e+01
1.823866540273249370e+02 2.124119301277418259e+01
2.606122769893219697e+02 -3.201525702685732888e+00
2.541492549092622255e+01 1.909301111353220648e+01
2.635147559332102674e+02 1.356277026275403585e+00
1.478294164558839796e+01 3.685919146351771758e+01
1.227180616522557877e+01 2.088653525749320394e+01
2.669451750596626880e+02 8.366692996641697633e+00
2.584026606202889411e+02 -4.200776795250125595e+00
2.477788213391346801e+02 1.866654388461909342e+00
2.714807735443838510e+02 1.744021892228768067e+01
2.683350890909477471e+02 2.559206212633691635e+00
2.583224374040631801e+02 3.423096307536762417e+00
1.933650312010387395e+01 3.881032598328923910e+01
4.822267810627959506e+01 4.741286638986758817e+01
2.444210916593751222e+02 -2.119538378063747786e-01
2.516292611451296466e+02 5.166414854341311980e+00
3.248911941626856503e+01 5.422377370165381194e+01
2.612273703267560698e+00 3.839417178055107627e+01
2.456682060461115782e+02 1.221765299238375668e+01
2.726987718937604654e+02 2.417076730926940087e+01
2.683603768059644494e+02 -6.449045722040223083e+00
2.131091722546777021e+02 -1.226742126170222491e+00
2.714447974498849021e+02 1.373694869462600820e+01
2.596673612073221875e+02 2.036381112033421914e+01
4.208757471497681735e+01 5.859124372205316433e+01
2.698354871277040274e+02 1.703630400620955854e+01
2.445645314511089055e+02 3.724619835408685908e+00
2.516147248349439849e+02 3.061262079360809096e+01
2.662479285952727537e+01 4.518936523010592765e+01
2.365168852669140165e+02 2.691151749236937718e+01
2.006034987904539264e+02 2.945951797995941490e+01
6.683267691437342783e+00 4.415002696718298125e+01
1.213959923835630228e+01 6.039658030944727329e+01
2.641454791762795367e+02 2.368591477509836096e+01
1.999286108134792528e+01 5.571012328550995107e+01
2.518409955819379888e+02 1.815010168087509257e+01
2.593640990110213806e+02 1.455687296984764245e+01
2.757382101271406327e+02 1.991290705262235505e+01
2.709883757477332438e+02 -4.131878549873795770e+00
2.330785731047021443e+02 5.366138579082676330e+01
2.215741399343325497e+02 1.026327766002089419e+02
1.569963130144823253e+02 3.471538278251852461e+01
2.429016604037610989e+02 5.101576912954740806e+01
2.653582621226021843e+02 7.022530109382115526e+00
2.843445810594543559e+02 3.532549130567193885e+01
1.666931994348183821e+02 2.607120012962192845e+01
2.682620655277572155e+02 1.114071376055095541e+01
