2.611780719178665322e+02 1.634072043888910031e+01
1.171887117871135331e+01 2.751583109643404867e+01
2.364298240424288622e+02 5.643699859141181463e+01
2.503990535105469633e+02 -1.498556204770087774e+00
2.532110008799210448e+02 1.819669370690888854e+01
1.044756503492572790e+02 4.747277198274866095e+01
2.537545491072800417e+02 5.802289515970026201e+01
2.720286921376217038e+02 6.280623998744879977e+00
2.724590259567349904e+02 1.310667077649343604e+01
2.433062078886283359e+02 4.417977062816054001e+01
2.424619055007327120e+02 -6.623423171093492101e-01
2.689085253914979603e+02 1.524860360222704259e+01
2.473569879700746981e+02 1.004425983964080515e+01
1.744279809164230812e+02 7.761671895517316955e-01
2.623420215172221788e+02 -1.201255628071315584e+00
8.890398460268574610e+00 2.134707026441333966e+01
2.642625608035368145e+02 1.332621517838057201e+01
2.563066988892253448e+02 1.063625345144639489e+01
9.070707527469600961e+00 2.692470611983755902e+01
2.726968478654836190e+02 1.813484246817010614e+01
2.639340900807683283e+02 1.421945877362475841e+01
1.593779561467649728e+02 2.265764694646145472e+01
2.807140873442570523e+02 2.292280150685648721e+01
2.825841832311999156e+02 2.769068484572614963e+01
2.649862201305000440e+02 1.417828451460715655e+01
1.443568950645046556e+01 3.273084306784758724e+01
2.516810237509752142e+02 5.901139075270803858e+01
2.668291120832716956e+02 1.725634744213124350e+01
2.761801292624549546e+02 2.086196482751834225e+01
1.263489691709247609e+02 4.248111390408438837e+01
2.583497739183652016e+02 2.132738118319296206e+01
1.952664743277048842e+01 6.421424674338905447e+01
2.103509100317505727e+02 2.751203532050583078e+01
2.718769462404986257e+02 1.559868147743841504e+01
2.610514366895094440e+02 9.883382782055303295e+00
1.595789026297498197e+02 6.088643914468757856e+00
2.510691778538078438e+02 8.701745474102029476e-01
1.023127264420453564e+01 2.275663408908263818e+01
2.599326247290376841e+02 5.991320650907042022e+00
1.992509234701420162e+00 6.200882469632879435e+01
2.857524468259390460e+02 1.849922535210902197e+01
2.495124394720149894e+02 1.421703110968075201e+01
2.299624844093950458e+02 4.053844255377017447e+01
2.466251533365219188e+02 1.273944388211114287e+01
2.587025921777510575e+02 2.602679220864430043e+00
2.456938558041758824e+01 3.354610833776891354e+01
2.631340189037562141e+02 1.400720820571200953e+01
2.223542486584930771e+02 7.319061070344875475e+01
2.645520709851298875e+02 1.654933954883176028e+01
2.421509034344048814e+02 5.088893476660372528e+01
2.777749329228780653e+02 1.711904786891656016e+01
1.796093822313465864e+02 9.907890651736938992e+01
1.770503236103161271e+02 1.825924339314849476e+01
2.509286533275339650e+02 1.668511346632146441e+01
1.353167573473238861e+02 8.019573806616493528e+01
1.163351920884830193e+01 4.991479986069863628e+01
2.317735873397974160e+02 1.052476028017226355e+02
3.210222764162018194e+01 4.135880356730515928e+01
1.584185784667327539e+02 1.192558302219458710e+01
2.645003884902486675e+02 2.440814369954465768e+00
2.716048606894938189e+02 7.471696054680623256e+00
2.277927124641640546e+02 1.225132779333787596e+02
5.257948800959812985e-01 3.191378402982694951e+01
1.861140236532935148e+02 2.537407765363108680e+01
1.894861385720431883e+02 3.543746917945242103e+01
2.827201426818955383e+02 1.507662179078489473e+01
2.653693797920203323e+00 4.447021064928092926e+01
2.290913999038996849e+02 1.137827923650288113e+02
2.706460564753711537e+02 5.268238294597052729e+00
2.748094891315815502e+01 3.533873235516504963e+01
2.588388340697167678e+02 1.869935516484568794e+01
2.601342154368825277e+02 9.278872029302315028e+00
9.521576213119613996e+00 4.568523834533213090e+01
2.574056323852678574e+01 5.473848278455342609e+01
1.179466998685141164e+02 9.362027998896454051e+01
2.322940874088261864e+01 3.171168819073541201e+01
2.713472270181181329e+02 3.333259426705510720e+01
2.702040793650165256e+02 1.804993769560298844e+01
2.676969079568353322e+02 3.108974787137023021e+00
2.835522888791897458e+02 3.493932993204234094e+01
2.660624398060676867e+02 2.606024855493518899e+01
2.644210873677573659e+02 1.900982545263062917e+01
2.554585847233234972e+02 1.081751366970542705e+01
1.738191828394127469e+01 4.249263515208538422e+01
2.481603415202447138e+02 4.648527954060151046e+01
2.564825749689945269e+02 -8.897058130894892614e-01
2.462777887319394665e+02 -6.491120038787597579e+00
8.218498523502244524e+00 2.989971952087009299e+01
2.278990116246744719e+02 5.498469210156736153e+01
2.445475092929862626e+02 4.629571700110483334e+01
1.551884143103114866e+02 6.410165740173740190e+00
3.276512269293136370e+01 7.602937025565047691e+01
2.135794072938464012e+02 3.430478989125013811e+01
2.457956061171684041e+02 9.872327862672790388e+01
1.914921542043571208e+02 3.016772064353114047e+01
3.204380736843629052e+01 6.198850934836572435e+01
2.609606846983588184e+02 1.509899941977301729e+01
2.330929909891154495e+01 4.133731867992225517e+01
2.665751885271582751e+02 2.133057236325386441e+01
1.857272156000391590e+02 3.145507512012012441e+01
2.558049019542648637e+02 8.957344320406726013e+00
1.505604615303739706e+02 1.933025143371558130e+01
2.694083001803490873e+01 2.872140925026885938e+01
2.483877706528348313e+02 4.832354059488319642e+00
1.775592162721804641e+02 1.894195392033622838e+01
2.627169705845162753e+02 1.798631811646587408e+01
2.421583931774783878e+02 1.792152726043431699e+01
2.672851787573186471e+02 5.529092033503710368e+00
2.464010578092881758e+02 1.301213812804479986e+01
2.739999809542355820e+02 1.413337596651511063e+01
2.736480977990131578e+02 1.716818789982387017e+01
2.661153550406120871e+02 3.577123037316527032e+00
2.711891345405799143e+02 3.047709729411679547e+01
4.750876792471215992e+01 3.437874499612690471e+01
2.486886119928438177e+02 5.206845204534513982e+01
2.541243667672675954e+00 4.931708636219003949e+01
2.446433109004978235e+02 9.403828160959653815e+01
2.509665080621649338e+02 3.378596740190831227e+00
1.757876529824096679e+01 5.180284186300890781e+01
2.567568962427768042e+02 7.900713044698370879e-01
2.754694226192185624e+02 1.464859980833952946e+01
3.002169410550589390e+01 4.793057095764970654e+01
1.760346036390912445e+02 1.535356490422421061e+01
1.947403857825230489e+02 3.491556460628622460e+01
1.655106273448426464e+02 2.561845160337906435e+01
2.547270993905961234e+02 -4.297502679480103893e+00
2.479601329887492511e+02 1.204839459950029976e+02
2.616186006950670730e+02 9.106321975683282943e+00
2.002783265260529504e+02 3.146085215439813254e+01
2.698127387212549593e+02 2.037925890712042332e+01
2.516005342208495392e+02 5.430257642447841704e+00
2.385617282742676366e+02 4.895795651865992681e+01
2.252304257229235134e+02 1.024026345888404705e+02
1.719816060518484946e+01 5.604160736302552692e+01
1.488085338094492727e+02 4.967576112339066441e+01
2.676399739784110565e+01 4.459599485881295067e+01
2.397473494766425119e+02 9.014251097009670843e+01
1.455903139384156759e+02 8.067348706732595076e+01
1.283821602161702629e+02 9.186279106392099436e+01
1.728533622535922376e+01 9.469746219016354161e+00
3.294400073276854357e+01 4.336764067576451254e+01
2.281419265594512424e+01 5.839281726073726020e+01
2.028211945972224441e+02 9.270848708303022079e+01
2.194193922246276713e+02 5.253934051613165934e+01
2.473365431983920075e+02 2.710724775750994908e+00
2.683296058875142762e+02 4.031503179281782145e+00
2.726423996590235674e+02 1.079786028155675304e+01
2.761846809004758256e+02 2.308238396033502582e+01
2.683601175357650845e+02 2.948276705123510766e+01
1.994064442436129170e+01 4.576593378114408495e+01
2.646013623878743033e+02 1.147971465578498496e+01
2.732410271747406796e+02 1.241219999022838216e+01
1.286254516201566105e+02 1.453287033946488371e+01
2.651983508845799520e+02 2.534342960256934418e+01
1.597181686006294967e+02 2.093663862526542729e+01
2.114186986093897644e+02 4.085677594551698988e+00
2.607756445925654702e+02 9.251474579225330785e+00
2.779941846876632212e+02 2.519594297284749373e+01
2.260163919132463306e+01 5.841891705290503722e+01
2.080967341707288654e+02 3.797913476821363332e+01
1.416109235804516686e+01 6.083323507848809442e+01
2.670357377419256864e+02 3.161941785852788200e+01
2.625620030165616754e+02 6.795928334142528726e+00
2.800013499109235795e+02 1.069550616053508207e+01
2.463487316971794030e+02 6.708418423413691301e+01
2.605032475144666364e+02 8.206429661020706590e+00
5.821800006190729349e+00 2.559100911042073889e+01
3.344194040244660471e+01 3.126884823642395972e+01
2.450368789189440690e+02 5.129319523577449047e+01
2.572484615209903609e+02 2.154891679542054916e+01
1.987520926581776237e+01 4.529555900507605770e+01
2.516243900738469677e+02 4.421090079212993906e+00
2.007525382566667105e+01 5.268590172013776396e+01
2.828003140705840792e+02 2.153588819710549629e+01
2.646172201500733081e+02 8.943623809723968421e+00
2.545594995801503160e+02 -4.424830079299097996e+00
4.151642453072676631e+01 4.369877929714189690e+01
2.108233083627390272e+02 4.633156633519692491e+01
2.472925041652122502e+02 2.755454390939750198e+00
1.581725298636577008e+02 5.466295693665907507e+00
2.305852404681908183e+02 9.815009989274734892e+01
2.659830734225639048e+02 7.289393363975434248e+00
1.961108219163407682e+02 -3.548515438412976231e+00
1.793466182566910163e+02 9.727244566785854474e+00
2.562539138697956105e+02 4.935152523596185148e+01
1.740278663599189599e+02 2.730133614020903821e+01
1.727561602505658982e+02 2.863615520692527383e+01
2.480392156846888696e+01 4.312562511350128602e+01
2.017936206320413248e+02 6.769193150027360772e+00
2.657061937310811572e+02 7.642594571560749728e+00
2.068824499800059300e+02 1.626115479020776888e+01
1.197928996868929659e+02 5.734895821246257697e+01
2.417501027600212637e+02 7.555898845070743164e-01
2.444654701693809784e+02 5.920794840652088453e+01
2.800079634138202422e+01 5.457706964750357770e+01
1.652881543726894620e+02 1.723016654419912896e+01
1.814897990566005603e+02 3.038692153810298180e+01
2.823264830429161520e+02 1.148561437962589622e+02
1.947037849338379942e+02 2.235970223371701948e+01
1.770298163738661401e+02 2.507900918077906027e+01
2.738073734759472586e+02 1.281143291524302796e+01
2.626461331363601062e+02 -4.419526374835972327e+00
2.465739129153782301e+02 1.290368836822861631e+01
2.661312438192190939e+02 1.042521000396919106e+01
1.902225594969176825e+02 1.070874218755990626e+01
2.646720822875611816e+02 1.055585515603960189e+01
2.852082615744357099e+02 3.877905601783874801e+01
2.779961583897007245e+02 9.596106358124524505e+00
2.757071463550856265e+02 2.715626912031165929e+01
2.438286693566561070e+01 2.509891879404276693e+01
2.409518838428791412e+02 9.652899084207993496e+01
2.564014719922510039e+02 6.465137740898423857e+00
2.403282928007838848e+01 5.126638160940449040e+01
2.638577625919444358e+02 5.895204441955117503e+00
2.699951091188736996e+02 1.918260269143350172e+01
1.884205447094599890e+02 2.325958612785609780e+00
1.887986975568439050e+02 3.552982665933510020e+01
3.505550403324685149e+00 3.391790859642605227e+01
2.583285938030081184e+02 1.240413093909119624e+01
2.559193058590020939e+02 -8.689178834419593045e-01
2.673376346167616475e+02 2.383580999692007651e-01
2.780362505798641450e+02 3.691486197974053596e+01
2.466941124185684373e+02 1.751111302525121616e+01
2.489902768174843288e+02 1.090957267235587658e+01
2.537903645439654952e+02 4.991520751225350949e+01
2.638117400752129811e+02 1.347731354761143230e+01
2.745382224799385540e+02 8.552860276873104795e+00
5.078833671137484629e+00 5.851065684082417562e+01
2.760041334726620335e+02 2.956055234019052591e+01
2.627161087278406058e+02 4.355307966327203673e+01
6.536447155499792494e+00 3.452422180308454358e+01
2.464700446595620065e+02 1.159722970586276602e+00
2.744429501586149058e+02 1.299879785743263838e+01
2.506564359192605025e+02 4.216918944360743637e+01
2.600156780587619778e+02 6.060088203939198337e+00
2.354715893275727296e+02 3.293990689531002047e+00
2.753979497710089959e+02 2.198016370520242191e+01
2.703898301956062369e+02 3.599238788415886958e+00
1.668547784829492286e+01 4.653375702400137470e+01
2.573625426818337019e+02 1.539502140282091602e+01
2.711809916312078030e+02 2.316340176597612555e+01
2.770237836602403263e+02 3.136760512959053315e+01
2.891663693722579609e+01 5.268564389150264304e+01
1.822692900480779770e+02 3.025031764521667199e+01
2.581141316255409492e+02 4.531406018432484473e+00
2.552650086215979570e+02 5.293521180256428593e-01
2.662959281688001738e+02 3.014981333625675575e+01
2.406865033316918527e+02 5.582298409210245183e+01
2.806982326238436443e+01 3.902241945586663263e+01
2.458698355863067491e+02 9.563566883299120036e+01
2.698850718343998665e+02 2.679202921262390902e+01
1.410788134362298685e+01 6.415756329881169506e+01
2.195542515798063334e+02 3.349848432052279179e+01
2.578330951653794045e+02 4.502920202060764154e+01
2.796603241615877664e+02 3.187595527158499209e+01
2.478194062743651216e+02 7.580336283313416246e+00
5.691811297591709007e+00 4.883576924863663749e+01
2.544698254390787611e+02 6.589086751041198120e+00
2.793144804882997505e+02 2.992673547224019970e+01
1.823555012802027022e+02 -1.760918456363622653e+00
2.203031568255859725e+02 1.090691015142081994e+02
1.906729631126842435e+02 2.755253895466108460e+01
2.779105646409420842e+02 2.237904223447780083e+01
3.421249818564262313e+01 1.204707554800025093e+02
2.656886420735106071e+02 -9.786619181942484147e-01
2.492168629534689046e+02 -7.179038866933992402e+00
1.755274932781171344e+02 3.141187991837762183e+01
1.768737041189363879e+02 7.804753901400012239e+00
2.703302410918186069e+02 -1.124248431534807580e+00
2.327034575473182088e+02 1.266730034655460884e+02
2.343958473862707876e+02 -3.475878095962732672e+00
1.921880243578833074e+02 8.352375476984083491e+01
2.641995888475556242e+01 5.040222407628333201e+01
1.259343122092607814e+02 2.474538259743073176e-01
3.668588826714960760e+01 4.163399233684052092e+01
1.590889649464518740e+01 4.585203538796324096e+01
2.572177824097452117e+02 2.502702094747394668e+01
2.391995543040929704e+02 6.304178325156365048e+01
2.498368287839234938e+02 -2.969968033916993377e+00
2.695743829809824774e+02 1.203425037351318849e+01
2.418316998176487971e+02 6.247631353631570761e+01
2.800911378408140990e+02 3.160533739681546450e+01
2.639572297338279441e+02 1.339334200163601629e+01
2.171777345299378510e+02 3.637878648773659762e+01
2.657751022938105621e+02 8.981296280735104887e+00
8.100752076186786610e+00 1.910625418709532752e+01
2.735078396914547625e+02 1.018790270900769812e+01
2.551779119521900725e+02 2.117553723497681517e+01
2.684983280497385181e+02 8.080869259446057384e+00
1.383586019650854126e+01 1.994000587988588258e+00
2.717183840403761792e+02 3.635649890125089456e+01
2.820740304959316518e+02 2.624072601139615557e+01
2.427022214820374018e+02 5.880243083243395574e+01
2.228162033103572170e+01 4.843257359853419075e+01
2.563267466464277504e+02 1.454764935760724320e+01
9.474979880611867245e+00 5.654563105876549400e+01
2.585302192701076365e+02 1.528293422760329179e+01
1.775179765887119387e+01 3.305564739692912468e+01
1.911770093453030768e+02 3.356424765305026625e+01
2.536248038862268004e+02 6.778444976527563171e+00
5.151176852277151497e+00 4.045655976538549936e+01
2.592086347147874790e+02 4.712320052578867546e+01
2.752691276869613262e+02 2.283085100165794046e+01
2.737102644052741311e+02 4.340716838484016016e+00
2.193573869246996111e+01 3.307318588041191276e+01
2.740793262958055720e+02 1.971002101647394511e+01
2.640441137642558829e+02 1.387872366505234112e+01
1.284337160516457566e+01 5.806181170472684983e+01
2.683858473020861197e+02 2.107726457891760319e+01
3.640614031826520147e+01 3.904344927719888148e+01
2.804927832930476370e+02 7.276518572835135146e+00
1.859074063358299611e+02 2.481865262850225307e+01
2.678663319384508554e+02 1.672360042887929055e+00
2.629259873594480155e+02 1.323675843216307513e+01
2.683783668265930942e+02 1.190775482092297466e+01
2.402575467789321237e+02 6.659978603373767214e+01
2.659677892245854878e+02 3.946620057271468340e+01
2.672149117945777448e+02 4.682851890216454649e+00
1.462974229657672787e+01 3.098395813388668074e+01
2.416570367605194178e+02 6.240515168496107634e+01
2.612280055564887107e+02 4.371485461711829856e+01
2.442119810084621747e+02 1.058070822422256185e+01
2.613898397493959465e+02 1.163011205104851911e+02
2.711195870788739057e+02 2.393547839075241157e+01
1.569382996961391825e+02 1.393393290330779521e+01
2.530962540147165214e+02 2.785809787188729736e+00
2.270412594264457766e+02 2.198975818111658143e+01
2.882127072074929970e+02 3.413108270584594095e+01
2.732867701926711561e+02 1.544280347770026474e+01
2.124961213481828395e+02 3.816232207429695222e+01
2.701794911627117131e+02 4.564630191969293094e+00
1.120111560398717643e+01 1.350606813151629382e+01
2.462917989257951774e+02 1.363110461472416013e+01
2.295701964378098126e+02 -3.311884769217189550e+00
2.765819673023728456e+02 7.372748321440248276e+00
2.010420022834910867e+02 1.001452214378261729e+01
2.495847634319528652e+02 9.918370700115447747e+00
2.317572497494879826e+02 5.717753040677030185e+01
2.530564665273496416e+02 3.700970929910894824e+00
2.646106651870489941e+02 1.104157161202885895e+01
1.924153906852195206e+01 4.684741253408477490e+01
2.633472219504057534e+02 1.122421576597430715e+01
1.345063930665772034e+01 2.764596880148903324e+01
2.056285013577658560e+01 1.120856670000736166e+01
2.283829368071795329e+02 4.624379005338321491e+01
2.893056826558056471e+01 3.763463360398260704e+01
2.727310366309673100e+02 1.240039543777374398e+01
2.612167169246238814e+02 9.480763968153986809e+00
2.541362117653265784e+02 2.199114336255436086e+01
1.843086435531187419e+02 2.039777771683370844e+01
2.408841305195500979e+02 4.758019887248013191e+01
2.476486411686445592e+02 5.070183969673557556e+01
2.675067650733733444e+02 2.380495732820228838e+01
2.655246617897663555e+02 8.791667657973691874e+00
2.519303680220023693e+02 9.395284158383390150e+00
1.229759984963195762e+01 3.969451979241111417e+01
1.696842758681075125e+01 2.594955019171921506e+01
2.559530356450887112e+01 3.842282838129950306e+01
2.479117719544225338e+02 1.244513824106112665e+01
2.401622462134109242e+02 5.505778347827187247e+01
1.789710426001566077e+02 3.489968028536171829e+01
2.542106254478273399e+02 2.622483703354580697e+00
1.277523629642132796e+01 3.140991487444640029e+01
2.765223003239034369e+02 2.423488137692476840e+01
2.437863566687125285e+02 5.712431767814911154e+01
2.775364387590267938e+02 7.229728119797760755e+00
5.776630011080538196e+00 4.070966221452539457e+01
2.631891914038484970e+02 1.266493765571770425e+01
2.775131847338712419e+02 9.966382769718640233e+00
2.564687516839190948e+02 4.233706221862388475e+01
1.496625619357037920e+02 2.736499792687702737e+01
2.700285107564539544e+02 3.411172387987075183e+01
2.152550940093040595e+02 4.488748836580622736e+01
2.517674317560612849e+02 4.879651197369952342e+01
2.106642723764410050e+02 4.734496328547515986e+01
2.614422052842944026e+02 1.554894067278625158e+01
1.873087916987077506e+01 3.586412769855879645e+01
2.664784751596359769e+01 5.151345392013325153e+01
2.073807949365258594e+02 3.088002125547977528e+01
2.579146445717184655e+00 3.691793408199757920e+01
2.787095399903900557e+02 1.453671302533518528e+01
2.454563903024042872e+02 -2.876116990719936872e+00
2.441494015240440092e+02 4.862143516410736765e+01
2.513042109271977864e+01 4.017807324643214173e+01
2.355077638619916343e+02 5.175072636421121786e+01
2.068248474863943045e+02 3.860855991377760432e+01
2.653586505904045225e+02 1.112249550525173269e+00
2.671535997557439828e+02 3.036071907924608126e+00
2.033995615126972325e+02 1.202702245346040577e+01
2.782533014380647955e+02 1.202383171741037238e+01
2.491445832876001987e+02 1.990875603467143762e+00
2.746910191166348341e+02 1.579459820157489780e+01
2.230519472271351162e+02 9.994260989767109038e+01
1.720599755410690932e+02 2.612483087065169229e+01
2.592254451524821661e+02 1.035257116274124201e+01
2.598617160100620254e+02 1.474853363801028650e+01
2.677355855237977948e+02 -3.596702061425598451e+00
2.297619489336902348e+02 9.833310768364272292e+01
2.604853106762284938e+02 1.163688655528208571e+01
6.628789909374201095e+00 4.295148411583088688e+01
1.137248014522828043e+01 4.782870534495204851e+01
2.549529779098060942e+02 5.044793201824679052e+00
2.646871155283187704e+02 1.582987100752718845e+01
2.448356066795369941e+02 4.015045743279235069e+01
2.823249369329886918e+02 2.028248490673510318e+01
2.669097371228419320e+02 2.606674871988433395e+00
1.948133964847390587e+02 -7.426472101156440964e+00
2.574553349638604232e+02 -1.305108564475690791e+00
2.653753976005480126e+02 3.608603858644038098e+01
1.793532563518332168e+01 5.074522246793339519e+01
2.545050251505810479e+02 1.318343312565855854e+02
2.012226510673921496e+02 3.219089948768170473e+01
2.833472220775867072e+02 3.259349504361051686e+01
2.769129348285231345e+02 2.092692159813730157e+01
4.798011543214693475e+00 2.918619058051149651e+01
2.596337116936646794e+02 4.757460643140172252e+00
1.583265447832325208e+02 4.001473307431128035e+01
1.220163748793310710e+01 2.849342258321408394e+01
2.519268145661071969e+02 8.897385041461001620e+00
2.708760067472352944e+02 2.647072445844360900e+01
2.665721615719445481e+02 1.168560635750599275e+01
9.993355310351805798e+00 1.146995814962236580e+02
2.849813020545412314e+02 2.865880598473113139e+01
2.678584091455979888e+02 8.704462967184662503e+00
2.923050696530127013e+01 4.552407907808213139e+01
4.796339032342481801e+01 2.296232401377816501e+01
2.673022722575540797e+02 -1.739369093634235419e+00
2.335814108764677428e+02 9.438165430744705020e+01
1.563873770713534270e+02 2.483318075155284888e+01
2.697650897147186697e+02 1.992201809943919244e+01
2.630344748451492478e+02 6.762125315346914078e+00
1.941893090282520689e+02 1.928521272991544322e+01
2.611485980029665370e+02 9.350685449649486003e+00
2.269903892236633567e+02 1.143061430914703749e+02
2.277627607969141010e+01 3.759668107832774098e+01
2.341826726356274264e+02 4.888887463716373283e+00
2.565823305738051658e+02 1.921041645489337313e+01
2.711149498347971871e+02 3.412521021161030177e+00
2.890160576855454977e+01 4.362452880047252535e+01
2.518488336667122098e+02 5.478351700757068699e+01
2.660126026754679174e+02 -4.268789093456854644e+00
1.837259342144548384e+02 7.792909549105173639e-01
1.413164127150404852e+02 -3.103745144691867353e+00
2.690147105323091523e+02 2.172059648733533166e+01
2.570030805635560114e+02 1.305134844993509446e+01
2.250364729703997568e+01 2.585024329545748856e+01
2.305254409627918051e+02 9.933793030076009245e+01
1.661211427496851627e+02 8.623732741287799541e+00
2.557763550563916226e+02 -1.173895245884512661e+00
2.321536990519117580e+02 1.310188787746894832e+02
1.820832606440144161e+02 1.313239923771191009e+01
2.560799184618722393e+02 -2.825769125271217597e+00
2.660330695369426053e+02 2.952425361876775511e+00
1.605132768731752151e+02 1.251827176880497383e+01
2.503156721422387534e+02 8.008146315542681748e+00
2.833068465693708049e+02 9.415620744572708034e+00
4.191711293582061515e+00 1.447450401979581613e+01
1.570867715596020844e+02 3.565694118817618374e+01
2.181846369329708750e+02 4.468992389366400886e+01
1.741666276253524615e+01 4.012941774029572173e+01
2.456530873942507469e+02 4.798454628011396750e+01
1.765862654939087406e+02 2.908084932952360191e+01
1.898424756627801457e+01 5.941770722023301232e+01
2.636340715397609529e+02 1.320247222807557819e+01
2.146150385247209869e+01 5.425001462006510877e+01
2.846145057426279124e+01 3.423152068283410188e+01
2.736570933312799525e+02 2.095565102390794365e+01
2.406312260624369230e+02 9.684392586761447319e+01
2.282545993760404457e+01 3.833076099187221075e+01
2.646373009851907909e+02 8.826963701565038178e+00
2.843429586984005937e+02 1.693069184421161211e+01
2.009208960163414659e+00 5.184413708619225503e+01
2.098650567122965072e+01 2.236876674128992448e+01
2.487684814816451251e+01 4.066672833214811078e+01
2.707264573842251139e+02 1.366730569866964728e+00
2.736398973549581228e+02 3.870572903829126687e+01
2.581776574212109381e+02 4.528250519504579685e+00
2.549581148509121249e+02 4.668564419901967710e+01
2.031526464562441348e+01 4.157723268019119445e+01
2.572181182803482216e+02 1.174144068811772001e+01
2.977635120710858985e+01 1.044667217839068911e+02
1.056157927553429587e+01 2.247185469905161881e+01
2.806083987801683293e+02 1.828719626908631568e+01
1.606639626282558311e+02 1.223699092792281817e+01
2.268094992499798579e+01 5.709943641116183954e+01
2.542829343212541175e+02 2.487928436758719997e+00
2.127785619339265963e+02 -3.832282749753908035e-01
1.131405722731251551e+01 3.598264331903116187e+01
-4.818323574102995721e+00 5.851077616606749388e+01
2.419707791799694405e+02 3.548923620482496766e+00
2.525733807079860469e+02 4.379376431308870110e+01
2.616648183030996506e+02 1.956388629321884665e+01
2.393236277258073983e+02 4.482640130205369644e+01
1.733242163244839560e+02 2.830364457892290275e+01
1.710012304290242113e+01 4.886530196292486750e+01
1.351788466392408736e+02 1.051082629599053462e+02
2.065141030506390791e+02 8.717482824296059363e+00
2.285524796711985118e+02 3.878775881005172010e+01
2.229604015409988733e+02 5.464889022388447870e+01
1.154991798276937587e+01 3.892873105635966624e+01
2.088647329664317169e+02 2.197627333771905356e+01
2.403186494252594514e+02 6.170052128368769218e+01
2.234468854705566798e+02 1.116043850106031812e+02
1.943758250652470565e+02 2.826718427083979890e+01
2.015231453801600594e+02 3.734107999875440953e+01
1.848419976564981653e+02 4.689335206735651695e+01
2.057997669855552090e+02 3.889431701157126042e+01
2.680982714513290261e+02 -2.199118492910467015e+00
2.625430663164779617e+02 1.006833698534731170e+01
1.096073136276771542e+01 1.350198004497600301e+01
2.737761468984629687e+02 2.932712848601456201e+00
2.384496049349370423e+02 4.863258230402300342e+01
2.434738504676606681e+02 5.936285709879206252e+01
2.053461418119044595e+02 1.160760555625427060e+01
2.757671008400308210e+02 -2.280039903747029584e+00
2.646801834198716392e+02 2.055929049800384689e+01
2.795718369874355744e+02 8.202268947105460839e+00
2.356459886673611663e+02 4.968277947049578813e+01
2.114562319010798674e+01 5.792494343264357326e+01
1.594028915605593433e+01 4.746733649719643466e+01
2.665624407700842085e+02 2.629517057589908724e+00
2.887871691806332564e+01 3.877870772683146328e+01
2.605804631252553349e+02 1.580529132977524753e+01
2.668358015005907902e+01 6.339160823685410406e+01
2.614241785776670781e+02 1.066502148203900546e-01
1.983603868550405736e+01 5.850498224292139327e+01
2.733859750060416332e+02 1.453375169925153898e+01
2.376138276809797105e+02 4.405154211987929358e+01
4.436203355194566100e+00 4.566806845778062041e+01
2.668675087089395674e+02 1.133106781767014937e+01
2.747327814709667564e+02 1.302447514330189193e+01
2.382637573669614710e+02 4.479381764715201086e+01
2.322296031156527718e+01 3.687293776802548706e+01
8.085982859639868181e+00 3.616174947011396057e+01
1.874249685327379211e+02 3.257552764390824507e+01
2.633458378579653072e+02 1.285889371292003247e+01
2.704783002254880557e+02 1.773082797627944629e+01
1.399133313707989856e+01 2.673890552564893497e+01
1.286861938636797049e+02 8.734398407949205989e+01
2.193607642266402706e+02 1.101691470928577701e+02
2.582435948634492320e+02 1.514367343823872503e+01
2.781939609930800543e+02 6.286982817656062039e+00
7.409837534863019215e+00 4.922683521473635437e+01
2.600404871314721618e+02 -1.573891067044393743e+00
2.488636228347460246e+02 5.085206735344101503e+01
1.574095189571754929e+02 1.145000786314599139e+01
2.740531018004154475e+02 1.406474627490647222e+01
2.022298635120181132e+02 3.833097781040365248e+01
2.693274222985458550e+02 5.495241355380498405e+00
2.576275185361407125e+02 1.629300814751477589e-01
1.649581028394611337e+02 7.660331542639637448e+00
2.429048461441714437e+02 3.153461945534312250e+01
2.772041447641638001e+02 2.889098766809413732e+01
1.308135455264931934e+01 6.067365256375381932e+01
2.666205674656886231e+02 3.591063456902706008e+00
2.766521047455154303e+02 1.750695388674180109e+01
2.609542905134800890e+02 1.810021185122437615e+01
2.758718177030883112e+02 1.143031329816431452e+01
2.131372804225788116e+02 9.664996119768889571e+01
2.549312438698448773e+02 -1.031716588358282394e+00
2.149964264748106189e+02 1.232970087158475536e+02
2.538651372155057686e+02 1.663400354394652680e+01
1.254399274932695647e+02 1.117970704036057441e+02
2.760279583768652287e+02 1.544209206012641644e+01
2.716702973517585633e+02 8.687437677859723095e+00
2.024455493637686061e+02 2.549039242715674902e+01
2.530395373494903026e+02 9.968936594892319647e+01
2.130454517799649921e+02 1.235269778306765005e+02
2.461368143506541344e+02 5.985345782454512431e+01
2.644782419679756913e+02 1.326780565161299918e+01
2.145099927830795536e+02 1.976546854655967778e+01
2.480328308407997042e+02 1.520906331688307489e+01
2.401125594974758144e+02 5.981750991814762841e+01
4.412267901015161087e+00 1.497984283920743209e+01
2.407138581942788562e+02 5.222704559254592738e+01
2.191412893989409838e+02 1.459243027796221170e+01
1.492129468254842095e+02 9.317216660373043169e+01
2.673408274905027042e+02 -2.815404405956329903e+00
1.895492510288622725e+02 2.559754070381277558e+01
2.231472380366582797e+01 6.197443093584068663e+01
1.678613315372649950e+01 4.898441664061218148e+01
2.582637139757466684e+02 4.145095530870978706e+00
2.435424848908383524e+02 3.586781864031039646e+01
2.476566938405474048e+02 1.307191187310965574e+01
2.131848342650303607e+02 4.357229016307639569e+01
2.657324649982422784e+02 1.438922293719166845e+01
1.417644650430935549e+01 2.550774675266517377e+01
1.265020801844872977e+02 7.984643249508957297e+01
2.695608925142112184e+02 2.124290659753607713e+01
1.063400382079481972e+02 5.020367971840645538e+01
3.218167090045498391e+00 2.957233902997468533e+01
2.586397415566512450e+02 2.686387810440486135e+01
2.530043715772712858e+02 -4.757078420213423087e-01
2.531840529981510031e+02 2.347917337484999223e+01
8.416944462280355310e+00 1.996813706034237157e+01
2.877241073120264332e+02 1.889446276751619180e+01
2.692801554418231831e+02 -3.753898431864200358e+00
2.691148618080947585e+02 1.872692024715442471e+01
2.756207893638737119e+02 1.202946520889343418e+02
2.844480852949525485e+01 4.756619694822258282e+01
