4.652083932297471911e+06
4.651668948843062855e+06
4.648868092658640817e+06
4.648868092658640817e+06
4.648868092658640817e+06
4.648868092658640817e+06
4.648868092658640817e+06
4.648868092658640817e+06
4.648868092658640817e+06
4.648868009042756632e+06
4.648868009042756632e+06
4.647468159373227507e+06
4.647468159373227507e+06
4.647468159373227507e+06
4.647468159373227507e+06
4.647468159373227507e+06
4.647468159373227507e+06
4.647468159373227507e+06
4.647468159373227507e+06
4.647468004085224122e+06
4.647467522268957458e+06
4.647467451159972697e+06
4.647467273052934557e+06
4.647467121352890506e+06
4.647466649771898985e+06
4.646066853090623394e+06
4.646066853090623394e+06
4.646066853090623394e+06
4.646066853090623394e+06
4.646066751271107234e+06
4.646066669478965923e+06
4.646066669478965923e+06
4.646066667908956297e+06
4.646066667908956297e+06
4.646066667908956297e+06
4.646066667908956297e+06
4.646066667778417468e+06
4.646066657878722996e+06
4.646066653434091248e+06
4.646066617078276351e+06
4.646066598194112070e+06
4.646066598194112070e+06
4.646066598194112070e+06
4.646066598194112070e+06
4.646066598194112070e+06
4.646066595678398386e+06
4.646066595678398386e+06
4.646066595678398386e+06
4.646066591476243921e+06
4.646066591476243921e+06
4.646066590819292702e+06
4.646066582634076476e+06
4.646066581074012443e+06
4.646066563120286912e+06
4.646066563120286912e+06
4.646066563120286912e+06
4.646066556584765203e+06
4.646066556584765203e+06
4.646066556584765203e+06
4.646066556584765203e+06
4.646066556584765203e+06
4.646066553758500144e+06
4.646066551252979785e+06
4.646066551252979785e+06
4.646066550584807061e+06
4.646066549811308272e+06
4.646066549811308272e+06
4.646066549121033400e+06
4.646066548617080785e+06
4.646066548152100295e+06
4.646066547741469927e+06
4.646066546270191669e+06
4.646066546270191669e+06
4.646066546064216644e+06
4.646066545261267573e+06
4.646066544873612002e+06
4.646066543339204043e+06
4.646066543259071186e+06
4.646066543236831203e+06
4.646066542499857023e+06
4.646066541888315231e+06
4.646066541888315231e+06
4.646066541876887903e+06
4.646066541697507724e+06
4.646066540455156937e+06
4.646066540024545044e+06
4.646066539651772007e+06
4.646066539343189448e+06
4.646066539087630808e+06
4.646066538627305999e+06
4.646066538034497760e+06
4.646066538034497760e+06
4.646066537537243217e+06
4.646066537062577903e+06
4.646066536957988515e+06
4.646066536856197752e+06
4.646066536733316258e+06
4.646066536131942645e+06
4.646066535979693756e+06
4.646066535979693756e+06
4.646066535847777501e+06
4.646066535604219884e+06
4.646066535266319290e+06
4.646066534986309707e+06
4.646066534986309707e+06
4.646066534986309707e+06
4.646066533401366323e+06
4.646066533401366323e+06
4.646066533401366323e+06
4.646066533401366323e+06
4.646066533382978290e+06
4.646066532889207825e+06
4.646066532483739778e+06
4.646066532483739778e+06
4.646066532287601382e+06
4.646066532110122964e+06
4.646066531963440590e+06
4.646066531957764179e+06
4.646066531814485788e+06
4.646066531814485788e+06
4.646066531814485788e+06
4.646066531814485788e+06
4.646066531719060615e+06
4.646066531719060615e+06
4.646066531719060615e+06
4.646066531712332740e+06
4.646066531667895615e+06
4.646066531667895615e+06
4.646066531667895615e+06
4.646066531667895615e+06
4.646066531652680598e+06
4.646066531652680598e+06
4.646066531622144394e+06
4.646066531612593681e+06
4.646066531605990604e+06
4.646066531585562974e+06
4.646066531580712646e+06
4.646066531580712646e+06
4.646066531567994505e+06
4.646066531567715108e+06
4.646066531560564414e+06
4.646066531560564414e+06
4.646066531556108966e+06
4.646066531544231810e+06
4.646066531538533978e+06
4.646066531538533978e+06
4.646066531538533978e+06
4.646066531538533978e+06
4.646066531538533978e+06
4.646066531533138826e+06
4.646066531527438201e+06
4.646066531527438201e+06
4.646066531524575315e+06
4.646066531520713121e+06
4.646066531516013667e+06
4.646066531515251845e+06
4.646066531510664150e+06
4.646066531507344916e+06
4.646066531507344916e+06
4.646066531506210566e+06
4.646066531502733007e+06
4.646066531501110643e+06
4.646066531501110643e+06
4.646066531501110643e+06
4.646066531500418670e+06
4.646066531499031931e+06
4.646066531498408876e+06
4.646066531497349963e+06
4.646066531496375799e+06
4.646066531495258212e+06
4.646066531494330615e+06
4.646066531493559480e+06
4.646066531492920592e+06
4.646066531491752714e+06
4.646066531491024420e+06
4.646066531490870751e+06
4.646066531489189714e+06
4.646066531488854438e+06
4.646066531487463042e+06
4.646066531487463042e+06
4.646066531486753374e+06
4.646066531486744992e+06
4.646066531485697255e+06
4.646066531484702602e+06
4.646066531484702602e+06
4.646066531483782455e+06
4.646066531483782455e+06
4.646066531483726576e+06
4.646066531483173370e+06
4.646066531482713297e+06
4.646066531482322142e+06
4.646066531482013874e+06
4.646066531481750309e+06
4.646066531481385231e+06
4.646066531481327489e+06
4.646066531480880454e+06
4.646066531480355188e+06
4.646066531479919329e+06
4.646066531479522586e+06
4.646066531478995457e+06
4.646066531478557736e+06
4.646066531478195451e+06
4.646066531477884389e+06
4.646066531477177516e+06
4.646066531476589851e+06
4.646066531476102769e+06
4.646066531475698575e+06
4.646066531475362368e+06
4.646066531475085765e+06
4.646066531475085765e+06
4.646066531474901363e+06
4.646066531474901363e+06
4.646066531474620104e+06
4.646066531474331394e+06
4.646066531474331394e+06
4.646066531474331394e+06
4.646066531474331394e+06
4.646066531474163756e+06
4.646066531474149786e+06
4.646066531474149786e+06
4.646066531474149786e+06
4.646066531474149786e+06
4.646066531474043615e+06
4.646066531474043615e+06
4.646066531474031508e+06
4.646066531473979354e+06
4.646066531473938376e+06
4.646066531473828480e+06
4.646066531473731622e+06
4.646066531473651528e+06
4.646066531473584473e+06
4.646066531473584473e+06
4.646066531473502517e+06
4.646066531473439187e+06
4.646066531473368406e+06
4.646066531473368406e+06
4.646066531473368406e+06
4.646066531473368406e+06
4.646066531473333016e+06
4.646066531473292038e+06
4.646066531473257579e+06
4.646066531473228708e+06
4.646066531473133713e+06
4.646066531473133713e+06
4.646066531473133713e+06
4.646066531473102979e+06
4.646066531473072246e+06
4.646066531473045237e+06
4.646066531473023817e+06
4.646066531473005190e+06
4.646066531472990289e+06
4.646066531472967938e+06
4.646066531472933479e+06
4.646066531472904608e+06
4.646066531472879462e+06
4.646066531472852454e+06
4.646066531472830102e+06
4.646066531472809613e+06
4.646066531472777948e+06
4.646066531472748145e+06
4.646066531472723931e+06
4.646066531472710893e+06
4.646066531472710893e+06
4.646066531472705305e+06
4.646066531472683884e+06
4.646066531472665258e+06
4.646066531472665258e+06
4.646066531472665258e+06
4.646066531472653151e+06
4.646066531472641975e+06
4.646066531472641975e+06
4.646066531472637318e+06
4.646066531472630799e+06
4.646066531472619623e+06
4.646066531472610310e+06
4.646066531472602859e+06
4.646066531472596340e+06
4.646066531472591683e+06
4.646066531472587027e+06
4.646066531472585164e+06
4.646066531472575851e+06
4.646066531472567469e+06
4.646066531472560018e+06
4.646066531472553499e+06
4.646066531472552568e+06
4.646066531472545117e+06
4.646066531472537667e+06
4.646066531472534873e+06
4.646066531472534873e+06
4.646066531472530216e+06
4.646066531472525559e+06
4.646066531472525559e+06
4.646066531472523697e+06
4.646066531472518109e+06
4.646066531472513452e+06
4.646066531472509727e+06
4.646066531472506002e+06
4.646066531472504139e+06
4.646066531472501345e+06
4.646066531472500414e+06
4.646066531472497620e+06
4.646066531472494826e+06
4.646066531472491100e+06
4.646066531472488306e+06
4.646066531472485512e+06
4.646066531472482719e+06
4.646066531472479925e+06
4.646066531472477131e+06
4.646066531472473405e+06
4.646066531472470611e+06
4.646066531472467817e+06
4.646066531472465955e+06
4.646066531472463161e+06
4.646066531472461298e+06
4.646066531472461298e+06
4.646066531472458504e+06
4.646066531472455710e+06
4.646066531472455710e+06
4.646066531472453848e+06
4.646066531472451985e+06
4.646066531472450122e+06
4.646066531472450122e+06
4.646066531472448260e+06
4.646066531472447328e+06
4.646066531472446397e+06
4.646066531472444534e+06
4.646066531472443603e+06
4.646066531472442672e+06
4.646066531472440809e+06
4.646066531472438946e+06
4.646066531472437084e+06
4.646066531472437084e+06
4.646066531472435221e+06
4.646066531472435221e+06
4.646066531472433358e+06
4.646066531472431496e+06
4.646066531472431496e+06
4.646066531472429633e+06
4.646066531472429633e+06
4.646066531472428702e+06
4.646066531472427770e+06
4.646066531472425908e+06
4.646066531472425908e+06
4.646066531472425908e+06
4.646066531472424977e+06
4.646066531472424045e+06
4.646066531472424045e+06
4.646066531472423114e+06
4.646066531472422183e+06
4.646066531472422183e+06
4.646066531472422183e+06
4.646066531472421251e+06
4.646066531472421251e+06
4.646066531472420320e+06
4.646066531472420320e+06
4.646066531472420320e+06
4.646066531472420320e+06
4.646066531472420320e+06
4.646066531472420320e+06
4.646066531472420320e+06
4.646066531472420320e+06
4.646066531472420320e+06
4.646066531472420320e+06
4.646066531472420320e+06
4.646066531472420320e+06
4.646066531472420320e+06
4.646066531472420320e+06
4.646066531472420320e+06
4.646066531472420320e+06
4.646066531472420320e+06
4.646066531472420320e+06
4.646066531472420320e+06
4.646066531472420320e+06
4.646066531472420320e+06
4.646066531472420320e+06
4.646066531472420320e+06
4.646066531472420320e+06
4.646066531472420320e+06
4.646066531472420320e+06
4.646066531472420320e+06
4.646066531472420320e+06
4.646066531472420320e+06
4.646066531472420320e+06
4.646066531472420320e+06
4.646066531472420320e+06
4.646066531472420320e+06
4.646066531472420320e+06
4.646066531472420320e+06
4.646066531472420320e+06
4.646066531472420320e+06
4.646066531472420320e+06
4.646066531472420320e+06
4.646066531472420320e+06
4.646066531472420320e+06
4.646066531472420320e+06
4.646066531472420320e+06
4.646066531472420320e+06
4.646066531472420320e+06
4.646066531472420320e+06
4.646066531472420320e+06
4.646066531472420320e+06
4.646066531472420320e+06
4.646066531472420320e+06
4.646066531472420320e+06
4.646066531472420320e+06
4.646066531472420320e+06
4.646066531472420320e+06
4.646066531472420320e+06
4.646066531472420320e+06
4.646066531472420320e+06
4.646066531472420320e+06
4.646066531472420320e+06
4.646066531472420320e+06
4.646066531472420320e+06
4.646066531472420320e+06
4.646066531472420320e+06
4.646066531472420320e+06
4.646066531472420320e+06
4.646066531472420320e+06
4.646066531472420320e+06
4.646066531472420320e+06
4.646066531472420320e+06
4.646066531472420320e+06
4.646066531472420320e+06
4.646066531472420320e+06
4.646066531472420320e+06
4.646066531472420320e+06
4.646066531472420320e+06
4.646066531472420320e+06
4.646066531472420320e+06
4.646066531472420320e+06
4.646066531472420320e+06
4.646066531472420320e+06
4.646066531472420320e+06
4.646066531472420320e+06
4.646066531472420320e+06
4.646066531472420320e+06
4.646066531472420320e+06
4.646066531472420320e+06
4.646066531472420320e+06
4.646066531472420320e+06
4.646066531472420320e+06
4.646066531472420320e+06
4.646066531472420320e+06
4.646066531472420320e+06
4.646066531472420320e+06
4.646066531472420320e+06
4.646066531472420320e+06
4.646066531472420320e+06
4.646066531472420320e+06
4.646066531472420320e+06
4.646066531472420320e+06
4.646066531472420320e+06
4.646066531472420320e+06
4.646066531472420320e+06
4.646066531472420320e+06
4.646066531472420320e+06
4.646066531472420320e+06
4.646066531472420320e+06
4.646066531472420320e+06
4.646066531472420320e+06
4.646066531472420320e+06
4.646066531472420320e+06
4.646066531472420320e+06
4.646066531472420320e+06
4.646066531472420320e+06
4.646066531472420320e+06
4.646066531472420320e+06
4.646066531472420320e+06
4.646066531472420320e+06
4.646066531472420320e+06
4.646066531472420320e+06
4.646066531472420320e+06
4.646066531472420320e+06
4.646066531472420320e+06
4.646066531472420320e+06
4.646066531472420320e+06
4.646066531472420320e+06
4.646066531472420320e+06
4.646066531472420320e+06
4.646066531472420320e+06
4.646066531472420320e+06
4.646066531472420320e+06
4.646066531472420320e+06
4.646066531472420320e+06
4.646066531472420320e+06
4.646066531472420320e+06
4.646066531472420320e+06
4.646066531472420320e+06
4.646066531472420320e+06
4.646066531472420320e+06
4.646066531472420320e+06
4.646066531472420320e+06
4.646066531472420320e+06
4.646066531472420320e+06
4.646066531472420320e+06
4.646066531472420320e+06
4.646066531472420320e+06
4.646066531472420320e+06
4.646066531472420320e+06
