2.633563971180051340e+02 7.099367365771406035e+00
2.757594615471720658e+02 7.965082403502075081e+00
2.520089843416954807e+02 4.789437235474225929e+01
2.307148915993247442e+02 1.037333149725282624e+02
2.685030664131817844e+02 -1.487968371876851714e+00
1.926366361365857927e+02 3.126414356870334643e+01
2.582123173893120907e+02 1.166105847188920208e+01
3.236649390542774540e+01 1.210822308484310241e+02
2.657925423558181706e+02 8.366757699852383823e+00
2.076047941667959265e+02 6.160560190281194792e+01
2.634713318708477914e+02 9.848007508771132734e+00
4.785541461619568615e+00 6.016661938838994672e+01
2.617858946553508872e+02 3.501647686584454355e+00
2.604607150839876795e+02 6.130249190389053382e+01
1.213973606069313718e+02 1.069051689641624279e+02
1.695251987205278965e+02 6.696078339551704950e+00
1.564590133535492953e+02 1.343259252487991162e+01
2.562895724972215703e+02 1.749923922628910944e+01
2.627444656770711617e+02 6.012230593257014277e+01
1.996670773752375965e+02 1.252496242401172744e+01
2.113016803514595665e+01 3.644713882605827848e+01
2.624503136552185367e+01 1.135242773820775142e+02
2.713899517769169734e+02 8.611973660778490469e+00
2.392714372600104014e+02 3.647252987365747146e+01
2.541030672404354505e+02 2.348297551073741829e+01
2.748705051960864694e+02 2.408803823975265601e+01
2.386710774998676357e+02 2.912879193191232119e+00
1.856426875214098118e+02 3.796311320232131692e+01
1.759459636324259577e+02 2.650991772520772116e+01
2.343322897922055859e+02 5.357293102583154365e+01
1.785285892896689859e+02 3.142736814273772694e+01
2.691689355257261695e+02 2.997029659009201374e+00
2.441852879680386081e+02 7.724038240136462008e+00
2.575478842246503746e+02 9.963349884804502565e+00
2.491608325237324095e+02 6.730116283212417727e+01
1.835441055516502331e+02 3.749107387428664140e+01
2.739074670840764156e+02 2.074509199927289771e+00
2.690184197472284495e+02 1.987851594346738082e+01
1.473192658536840050e+01 2.764858426321523410e+01
2.218251274244630338e+02 1.989402566665296490e+01
1.835920742419697405e+01 3.841409114444108042e+01
2.530134794854324980e+02 1.842045113946337409e+01
2.825482780160859875e+02 8.004692358272695429e+00
2.024154672813566833e+02 1.211905416735694274e+01
2.475391125069788814e+02 -3.827639620142342824e+00
2.522686988452388164e+02 1.225034105620429692e+00
3.004630673991131928e+00 4.459093278850384223e+01
2.582287236361527221e+02 4.929055375331793165e+00
1.449700344889050427e+02 1.192090203796951471e+02
2.752010533531043279e+02 2.066905288823265607e+01
1.530400249269467281e+02 5.031532673565722646e+00
2.684523560235155060e+02 3.076582795367614587e+00
2.837762981875070523e+02 3.381089079969804345e+01
1.968382923840065928e+02 2.914201528482588088e+01
2.292814466616325575e+01 5.233688498394689503e+01
2.655024389221001115e+02 1.594262532146699840e+01
1.808464954145504464e+02 1.034306627049809464e+02
1.571824034390306579e+01 1.276249943053467106e+01
1.628482292435861822e+01 1.580299026744526003e+01
2.802149565677561895e+02 3.440523530625881676e+00
3.960591983284746220e+01 7.226533056577414982e+01
1.063645914903546554e+02 3.817201777196342505e+01
2.629770476145253610e+02 1.008489242000618447e+01
1.971029955509520804e+01 5.360896892500070976e+01
2.027471657537050120e+01 -2.035761253613632249e+00
2.777363684535782227e+02 1.743798979283573303e+01
1.371948127168611222e+02 8.872776181796520945e+00
2.025931268244034982e+02 7.820306556432262468e+00
2.367177576505210084e+02 5.006747821376399088e+01
2.616558276593466417e+02 7.490642277027509621e+00
2.631377548869006091e+02 1.499699545212953922e+01
2.701387979438558204e+02 8.346241461639049675e+00
2.451092772148785457e+02 5.468852603634258713e+01
2.580723167544570060e+02 1.136970329165466254e+00
2.800206480285365274e+02 -6.323722692718983573e+00
1.697869802551238934e+02 3.198614061345648452e+01
2.598285032611261158e+02 -1.959236411274791090e+00
1.754133470054193111e+01 3.702125668293452776e+01
2.622424781872560970e+02 -4.725158432376710849e+00
2.756932006161840150e+02 2.413997760843625784e+01
2.267433368477075248e+02 1.067193933524426370e+02
2.798972488580129721e+02 2.139213490510977778e+01
2.703570071807784529e+02 1.610252431003198836e+01
2.755265215908017922e+02 3.618950082175587823e+01
2.565399833259865545e+02 -4.985058838386931868e+00
2.730279701593958066e+02 2.158719551663622838e+01
2.571744681620355095e+02 1.842706347687074953e+01
2.619525151393207807e+02 -1.592386873767915656e+00
2.043422504518559890e+01 6.007350237784801550e+01
2.429155527895451314e+02 4.062004895173638630e+01
1.469661915254867210e+02 5.153518749341126437e+01
2.697045367596685992e+02 1.938762793833184261e+01
3.660977813701635597e+01 4.947668911628254307e+01
1.439209422474917766e+01 3.788108868224314563e+01
2.517306045304383701e+02 9.631062775678255861e+00
1.853637335703166116e+02 3.831697516569703055e+01
2.758250344906521150e+02 2.315986811106032306e+01
2.128915380154227535e+02 2.382533115936000456e+01
2.640291216080718186e+02 7.076787069317154177e-01
2.610473120662896349e+02 1.698840771435020969e+01
1.940874507658633945e+02 5.230017372590893387e+01
1.507224825869942819e+01 5.693633476094284873e+01
1.556667691833668599e+01 4.283345953063010825e+01
4.568882926875324557e+01 3.976184235758285723e+01
2.575582724941194783e+02 1.134192603404759936e+01
2.291080088968978430e+02 1.021288828592430775e+02
2.267203441292006687e+02 6.079907568445163690e+01
2.734907399231177010e+02 1.781549945573176430e+01
1.766801850134258700e+01 2.778039022259959268e+01
2.766997629977173574e+02 1.614791807669413970e+01
2.747207651982286052e+02 1.184545567685610123e+01
2.604956208638043904e+02 2.389516719312072723e+01
2.510906403189877096e+02 -1.767888223664586533e+00
2.607323480950732346e+02 4.143198666419944942e+01
2.694243181871395905e+02 1.081024539710796972e+01
2.528361784080984762e+02 -7.353742370755949054e-01
2.616573265875945822e+02 3.747644955581618120e+01
2.660673118501442218e+02 2.045133682206903103e+01
2.594487907759978498e+02 2.166466881472670636e+01
2.759893167338581748e+02 2.710105513487600248e+01
1.541555426589168576e+02 3.269592957432631408e+01
2.715608424644695447e+02 7.803348256017292428e+00
1.715304215814299482e+01 6.502060064429917929e+01
1.851562687365535851e+02 2.784003606516823126e+01
2.571600050820180172e+02 1.522784119576210848e+01
2.639600488412714299e+02 3.339684997901014363e+00
2.680780459449727573e+02 1.508274022033140760e+00
1.324263116638008455e+02 8.072302809652012456e+01
3.528683782913176259e+01 4.765012164654375937e+01
6.888062766389943192e+00 5.480264002083272601e+01
9.685957102543097719e+00 1.213979191666021151e+01
3.668884299858083153e+01 6.246430497691959971e+01
2.572658937873151785e+02 4.443702214361652025e+00
1.048606260101850864e+02 4.108062461726247960e+01
2.765442994522745153e+02 1.363669427387288913e+01
1.250261196515196502e+02 3.783106576035185498e+01
2.709924250036014826e+01 4.232369567748329331e+01
2.548250622621527555e+02 1.740388819365780648e+01
2.747173710473231836e+02 2.117513310910105417e+01
2.655959984297352889e+02 2.253312308565977773e+01
2.133995656156901077e+02 1.006047261575569678e+02
3.022955171121900264e+01 4.259986407016369014e+01
2.693691626841297762e+02 1.325607173261007432e+01
2.358774215993871621e+02 9.606686681488515944e+01
8.941017358650350388e+01 3.882130421155834199e+01
2.619056812084473762e+01 4.043422948406279716e+01
2.658265892959351504e+02 1.834454642882917597e+00
1.951468899315291878e+02 2.674980930431542347e+01
2.640573823573756158e+02 -2.636449354243036503e+00
1.774116400983832307e+02 3.071080655269719273e+01
2.713891112007507331e+02 3.082972579570122562e+01
1.997519167689227402e+02 2.973735911507960594e+01
2.106495321767059181e+02 1.219900352597029780e-01
2.202238560756713426e+01 5.485833503971318947e+01
2.707830831282046233e+02 1.901453535596389699e+01
2.628257836335590127e+02 1.372111264534101238e+01
2.620632118138896089e+02 1.861118400882912383e+01
3.779201179358283369e+00 3.063741935405658268e+01
1.549390595717164274e+02 2.446118716085656786e+00
1.209291299814968568e+02 4.480311952704269629e+01
3.452235078361211151e+01 2.326649016928634950e+01
1.755023424393868225e+01 5.348896927932327827e+01
2.636597349322404398e+02 -1.660834544579881111e-03
2.794013730310979327e+02 3.713577408594134255e+01
2.684983737269587323e+02 1.709973933352699760e+01
2.410156811421359180e+02 9.101909651166055326e+00
2.553774854425128353e+02 -1.053536298843969155e+00
2.679584958828272647e+02 1.071674471117384009e+00
2.619161241069335802e+02 1.463090210395441559e+01
2.645372325151477639e+02 1.135811655782080365e+01
2.399234231822001675e+02 5.316627626001187679e+01
1.212902335033952141e+02 3.772706562307008937e+01
1.993851666801286910e+02 3.979560628894633112e+01
2.772113031296685790e+02 3.458596220158232626e+01
-3.115994532286123331e+00 3.925922321796922176e+01
3.138408923385462757e+01 2.315150360145699793e+01
2.717779073724267960e+02 3.093553823486539756e+01
1.773116778302668024e+02 5.180493109909063776e+01
2.450312017971702971e+02 5.462589607003611292e+01
2.448790435105765653e+02 5.877673038106536296e+01
2.630084243544912965e+02 1.543304402584620760e+01
1.831567696923512045e+01 3.779752354813938808e+01
1.928825509353507783e+01 4.584237644145708401e+01
2.661747320638432370e+02 1.487903428618601964e+01
2.675198556210778520e+02 2.029826296942713526e+01
1.953996400340080584e+02 3.253005717108105443e+01
2.340216470604544554e+02 1.079891195813434592e+02
1.250547898648322871e+02 5.809439320827832631e+01
2.298249852953092898e+02 2.195869820656994875e+01
9.939194208231590721e+00 2.321225054835361945e+01
2.567571415267890984e+02 1.139231263846242399e+02
2.594194346117217265e+02 9.201965713432829830e+01
2.559418015685573664e+02 1.189876890817915722e+01
2.762043324340791628e+02 2.278685719955803535e+01
2.567370069100113028e+02 1.333755712707014673e+01
1.125168509537591888e+01 3.526341226620786529e+01
1.997730261160388636e+02 2.541141128457853426e+01
2.700898748100213425e+02 2.582077468550570742e+01
2.637723599020229130e+02 3.473427671366710001e+01
2.397812982733096590e+02 5.486237505006283044e+01
2.646030735897446107e+02 5.735336205398850140e+00
2.592126932648677666e+02 -1.902019075698975215e-01
2.151243225015975824e+01 4.430433509576639750e+01
2.300782089568059519e+01 2.526667481989466779e+01
1.833547600429378122e+02 4.331084344921880991e+00
2.770109149010940541e+02 1.032961930820147067e+01
2.656194449865226943e+02 2.361050772147148180e+01
2.441494045008779494e+02 4.304136107764911401e+01
2.189901603812745918e+02 5.211048784840862425e+01
3.024482513393844840e+01 3.360509838853140963e+01
9.910166651202618482e+01 5.161206923143704017e+01
2.714211434997699257e+02 3.945276345520075978e+01
1.602781283635401337e+02 9.668453121800130390e+00
2.833369343485206855e+02 3.499311583308094242e+01
2.667438741448548285e+02 -1.096530397195953466e+00
2.432531658832722883e+02 4.215972156813138838e+01
2.759827515178007502e+02 1.449875458664581984e+01
2.426012258652285709e+02 4.570490640883795308e+00
2.640271176050797521e+02 2.116794033901057759e+01
2.919735315892158667e+01 3.848633371059246144e+01
2.504508709660982220e+02 1.037600089694923788e+01
2.554520247390243526e+02 1.847249924120889375e+01
2.780399896063929077e+02 -4.522848710812032991e+00
1.577374806634221471e+01 5.289232752717768449e+01
2.616986619142920745e+02 5.949252844016722008e+01
2.744624600802067675e+02 2.371890708238217016e+01
2.542517308540718659e+02 9.555671281255079919e+00
1.795187304644169899e+02 2.989811969419339732e+01
2.881097218527856967e+02 3.787078912500690819e+01
2.230755090775284799e+01 3.463304312489935910e+01
2.056018241231145680e+02 1.946349660398213288e+01
2.706542870744312381e+02 3.071422118695177517e+01
1.644337596238698325e+02 2.140943810403820891e+01
2.204714418993022917e+01 2.392239593177967905e+01
2.723025530429587207e+02 2.597861636228985560e+01
2.766183865003667393e+02 1.866629676509424840e+01
2.096807708958762646e+02 2.660039848771530657e+01
1.993258617169101399e+01 7.121949233621987396e+00
2.558694476002722524e+02 -5.821883441554100980e-01
2.396240899775079640e+02 5.269999624353017253e+01
2.146397780004865012e+02 3.784175112913055727e+01
2.554688673517368898e+02 2.388191011175104350e+00
7.987817707059909367e+01 3.951844659402186011e+01
1.894028286083822650e+02 3.811193676454387003e+01
1.774645691893224182e+02 3.615653397315551132e+01
2.675207625514322984e+01 5.089197690016315789e+01
2.025756817286220439e+02 -6.566331981021600761e+00
1.893042060281877923e+02 8.228917171564773980e+00
2.849028019196318837e+02 2.535890272554811276e+01
2.685473677949131002e+02 1.446647253132260502e+01
2.302411228737067006e+02 3.065038886197879009e+01
-1.853376981090648634e-02 3.184054163032432427e+01
2.451567997743243552e+02 1.738744018176512363e+00
2.806316034895339158e+02 1.637064983683925945e+01
4.024819956727130688e+01 1.205484521910269677e+02
2.378224809383320348e+01 5.710395204246761125e+01
1.298762752672128897e+02 8.607785535757635387e+00
2.635168273842447206e+02 1.879475660157994810e+01
1.353243347711172646e+02 6.151335446542424279e+01
2.199760853354236190e+01 4.404442774989347242e+01
3.588208214735612245e+01 4.723502136687588404e+01
2.646629274520024069e+02 1.751527794121767911e+01
2.735750977506093022e+02 3.063045216471804011e+01
2.596642064129308096e+02 -3.471592223699586643e+00
2.784349724528983643e+02 7.571193721847165214e+00
2.429294043536192760e+02 6.246016418158144035e+01
7.546942729084289425e+00 2.130737021997163083e+01
2.419612197333306938e+02 5.149809913826993579e+01
2.808381212421973032e+02 -8.347000204695984138e+00
2.195635536430249601e+02 4.733560803133804740e+01
2.699229329631447172e+02 1.238338907598476446e+01
2.689127412454010368e+02 -1.890091338041557378e-01
2.533888487117904447e+02 -3.212561063126573302e-02
2.526035706940912746e+02 5.559229160187876495e+00
2.691202615683515660e+02 1.987497470809491773e+01
2.891522121114733181e+02 2.797559461528736691e+01
2.673476562998884560e+02 -4.346114454783801762e+00
1.920008940945060658e+02 3.133448300800016995e+01
1.764068110983843383e+02 1.029656809969496933e+01
1.043111260394855933e+01 1.994649554677302916e+01
1.821663581954533981e+02 1.621502121612724068e+01
1.764351791898135104e+02 1.469271080201250079e+01
2.951327185311996004e-01 6.237031886765581135e+01
2.040206451378398071e+02 2.940429202988040203e+01
2.563575136229316058e+02 7.137196813480262136e-01
2.469734669077750482e+02 2.016304349978443966e+01
2.606247194884063560e+02 7.833640750861041724e-01
1.654560248085442709e+02 -3.040356179025793359e+00
2.542642339102982305e+02 1.821912690444281058e+00
2.623480952829354464e+02 6.853201616578142641e+00
2.695041714967667872e+02 7.519283039342036901e+00
2.514760997787706742e+02 4.637425890988012611e+01
2.401093967182544375e+01 3.513882818146053211e+01
2.712137852811487164e+02 4.162644476302421026e+01
1.906429665846484056e+02 2.483393798567032462e+01
1.509895649450939281e+01 3.964226728507004793e+01
1.822737160860168331e+02 8.345569539227602363e+00
2.796819396607042449e+02 2.956180516312966944e+01
2.366531405897973173e+02 6.996813945007845703e+00
-2.502290575177488208e+00 4.522934547489614943e+01
2.597538213694061255e+02 7.710194697607697378e-02
9.683045638291729063e+01 4.554452267204957394e+01
9.969936219251198395e+01 4.737896886068961066e+01
3.166069294235835230e+01 4.520251404251896332e+01
2.556044890573632813e+02 2.467909807559333757e+00
2.837584434818435852e+01 3.519562496094572168e+01
2.701941002487308765e+02 1.357502730109086997e+01
2.517180811842387698e+02 4.797926377714869517e+00
1.594122880938613491e+02 6.396335747844506869e+00
2.691148869891835034e+02 -3.997817215231145749e+00
1.453474287709109660e+02 2.671274355554492175e+01
1.548542576038599066e+02 1.364656375818260159e+00
2.694115300565933921e+02 1.782105095004605744e+01
2.728460536107227767e+02 2.332070100368708410e+01
2.507944260997982724e+02 3.640426436460528770e+00
1.866282482711073385e+02 2.336065982060162227e+01
2.609170608268001956e+02 1.469860591544980721e+01
1.723364070249675351e+01 5.737233328857006143e+01
2.533027015053071977e+02 1.471476428602891140e+01
2.794386211682493695e+02 1.377540103812523320e+01
2.554201417245406844e+02 -2.209141881904594040e+00
1.702793013223972096e+01 6.026810056035115792e+01
4.427995016128715378e+00 5.325133476859020476e+01
2.604496023632112838e+02 1.762041582588516775e+01
4.218780545998217946e+01 5.259965352603786215e+01
2.790964703498947301e+02 1.963587537775356751e+01
2.759759567155010132e+02 2.306056067559128664e+01
2.875645441014719239e+01 3.884077265281285918e+01
-5.312107449003633519e+00 3.532854490095345312e+01
2.635731544641358823e+02 -1.934949295206501496e+00
2.694449111371865229e+02 1.639427564264375903e+01
9.162208043086015152e+01 4.304262068957650200e+01
2.682199923742567194e+02 2.106166987929756118e+01
2.736300152102616607e+02 1.680345821624737823e+01
2.465404167469966126e+02 5.449628673567239900e+01
2.465440096558586447e+02 9.616367436548294734e+00
2.588791713150752685e+02 4.853855095097783234e+00
2.463097380208823211e+02 -6.030112976767339816e+00
2.531087448489985832e+02 3.735144143555911000e+01
4.323498366216642808e+01 4.292747351041143133e+01
2.740698917858160826e+02 2.400458956757068307e+01
2.563669379378026747e+02 4.316390875521443071e+00
2.931768044534296891e+01 3.692791173530021354e+01
8.748988902353266539e+00 4.676324491518095527e+01
2.469171213401936313e+02 1.262537841672518546e+01
1.974788685982915126e+01 3.660488819396644544e+01
2.445115801924002241e+01 5.169510157921445881e+01
2.317357181226947205e+02 9.564681509425389550e+01
2.580176751354243265e+02 6.473676582049503914e+00
2.568518548053622226e+02 3.800707805204309508e+00
2.537764539831154593e+02 1.366147019630383852e+01
2.003607609476854350e+02 5.577065852931495016e+01
1.209587981319998917e+01 3.166792101891673639e+01
1.748569648454846970e+02 1.170762666693165244e+01
9.010767620019857205e+00 4.521912528055088387e+01
2.437279308999789293e+02 1.504555276517687190e+01
2.798772302091392703e+02 1.384757303796152605e+01
2.550659172831347519e+02 5.964211823610926189e+01
2.570279919917590519e+02 5.570425767484905322e+01
1.255659546614657351e+01 5.882679404732590456e+01
1.855029164855135093e+02 1.887904844582288888e+01
2.649372812386269516e+02 1.718222275931488241e+00
2.488233155916277042e+02 5.278837478810815043e+01
2.537634933831348150e+01 1.716873126940205196e+01
2.255565662389237502e+01 4.918624298196628786e+01
1.578548849582412572e+02 7.534012631861408238e+01
2.502363934650555564e+02 4.279819868458519139e+00
3.157823991191666124e+01 3.379851453799037841e+01
2.569998923994401139e+02 -4.634875451997345408e+00
2.137931905626764433e+02 1.130955007151715250e+02
3.922441438108448608e+01 7.003841709653858061e+01
2.515475794929761832e+02 -1.016011166636096252e+00
2.491913516978226824e+02 4.814987125707681770e+01
4.058785220729098597e+01 3.326354544952826586e+01
2.769316229566416041e+02 4.638775824346197396e+00
2.475542749029364415e+02 2.133882782056606686e+01
4.318795247922957259e+01 5.713757612902485050e+01
2.622710825902497618e+02 2.234359956750961373e+01
2.780258282744911753e+02 5.336111243632629453e+00
2.592485090928343539e+02 1.839130300113427552e+01
2.556874900191242261e+02 1.838007810388295127e+01
1.230615600283127833e+02 9.456703469483212388e+00
1.799163162773662918e+02 1.123251583622203853e+01
2.760024382567768839e+02 2.553179576682253682e+01
2.317494727753125403e+02 5.807570633279810579e+01
2.746783154856331066e+02 4.614735310659302314e+00
5.049827468367384142e+01 4.396536573478999799e+01
1.595124036545239505e+02 2.492993877931008839e+01
2.709616441568350638e+02 2.224821087176983880e+01
1.514610120602528127e+02 5.550171939363433005e-01
2.737977682841438991e+02 -1.377668433663706615e+00
2.698147131024425676e+02 1.322698785765582130e+01
2.312290808759134677e+02 4.691626416796541577e-01
2.642325373483897692e+02 1.202993127455672351e+01
2.662348096277378886e+02 -4.469116258443714074e+00
2.831962795820581960e+02 2.067643350498985200e+01
1.859463464368113534e+02 3.600122685156472357e+01
2.617379320519006569e+02 4.805039923266036794e+00
2.486343206999105178e+02 1.869303227850862115e+01
1.603778919765731530e+02 1.040846725138712081e+01
1.824005324383412869e+02 3.102945793879549541e+01
2.776299199832146201e+02 3.270098145190156913e+01
2.422572608110512249e+02 4.618840164863835440e+01
2.411991409576911565e+02 5.253669793832632706e+01
2.247679299492666161e+01 5.184226405075826705e+01
2.668018313694651624e+02 3.505502994332282185e+00
2.070360802636624840e+02 3.786646372564118224e+01
2.458551530659517823e+02 -3.905524801597519247e+00
2.755403805214004365e+02 2.962427325991207283e+01
2.708813621796959978e+02 1.296149244286818458e+01
2.437631516889144905e+02 3.742152298119864895e+01
2.461463240860320809e+02 1.108698454742371453e+01
2.585218624883174812e+02 -3.354291862563778093e+00
2.425874825895679407e+02 6.773842602476848107e+00
2.666904933403253040e+02 -1.644839566960523136e-01
2.370028560087245637e+02 6.137314115721000007e+01
2.777144816235234970e+01 5.366817343547653252e+01
2.742840576240562314e+02 1.639662848960073660e+01
2.517856950986298443e+02 9.088946666988929834e+00
1.866990010023124853e+02 1.163272881265175762e+01
2.684904509326270841e+02 8.681644424841831409e+00
-6.289395992266375579e-01 5.679313586245385181e+01
2.782119047268720919e+02 1.711568279047958185e+01
2.670555413509343907e+02 1.329069396043978379e+01
1.850389764889052557e+01 7.033933310037751596e+01
2.578529664442602325e+02 3.315134327041784701e+01
1.723457428169430443e+02 1.032394296206038220e+01
2.768948824602497893e+02 2.124841472149427801e+01
8.810246398115149091e+00 2.789560643746449742e+01
2.749021346582682668e+02 1.017720531683124996e+01
2.443889461352093520e+02 5.379317975618607051e+01
2.372904715367080257e+02 -1.715114527332222139e-01
2.164382811269052524e+02 1.646381054798880328e+01
2.534332190965829454e+02 1.115415438895078992e+00
2.614517988396103760e+02 3.823975704352262639e+00
2.663660513320846235e+01 3.392597174016409411e+01
2.469482648257404378e+02 1.432375124084783380e+01
2.263885900775266009e+02 1.624375494305713374e+01
2.449694449388570945e+02 5.026889998204917731e+01
2.662148267108166237e+02 2.303065100052874570e+00
1.843192165713264075e+01 5.018916341213622445e+01
2.531032679267061098e+02 2.063808774356759912e+00
2.492163969512558594e+02 5.801235916065054710e+01
2.839811142657006826e+02 6.958830782155665418e+00
2.505167158437887736e+02 4.559901413267824921e+01
2.012630315607211742e+02 2.602709973101969609e+01
2.604208022952598753e+02 8.807619368486349742e+00
2.508635808909039611e+02 1.459229933216617425e+00
2.579192392960371762e+02 1.262284440383578676e+00
1.091913898806152616e+01 2.681513204227272595e+01
1.741634096019153617e+02 -1.692249115800971815e+00
2.578388435085038282e+02 1.796472974882307128e+01
2.808084807060854473e+02 3.826399754179468005e+01
3.182022656829920493e+01 3.163306372702951208e+01
2.679862047295815728e+02 1.787193388075591827e+01
2.790388106536639157e+02 1.899002087279206208e+01
2.611329734701209304e+01 5.267702587114192880e+01
2.314510296017171243e+01 6.031293747962004659e+01
2.184968475644944874e+01 6.511503290796244414e+01
1.638718196385817194e+01 7.999189159113514691e+00
2.568215343494408103e+02 -5.527378750456954926e+00
2.659620826449722841e+01 3.944716002895336260e+01
2.647394227869472729e+02 1.383086906551441508e+00
2.253425794997802711e+01 3.257517268849406378e+01
2.799400138481024669e+02 1.892655949172996088e+01
2.669698945982677856e+02 1.547729764295196908e+01
2.692380762015002347e+02 1.243779537760523368e+01
9.799877991244923692e+01 4.578780522324034052e+01
2.423399807273911790e+02 5.725928866284436936e+01
2.686437342148984158e+02 1.297982841220306582e+01
2.627939465574857536e+02 -7.908078108319847033e-01
2.500328076259720831e+02 -1.551154051165583247e+00
1.442523283284670867e+02 8.494085639901047102e+01
1.130277607754718261e+01 1.888880141099996379e+01
1.446837750300328196e+01 4.933944251318246188e+01
2.361515909439536927e+02 2.676127125750871638e+00
2.759493789798215744e+02 1.007798773527368752e+01
2.492049905019371465e+02 2.897901669201163699e+01
2.735832386367907532e+01 6.699018992974556852e+01
2.620456759843237364e+02 3.673265359974332789e+00
2.659619894253215762e+02 8.362512483979282152e+00
2.543091172926463059e+02 1.073622589921711779e+01
2.797355864467572815e+02 1.968655145215303293e+01
2.663502185449657418e+02 2.401382840283329401e+01
2.509041940527599763e+02 4.565858935699168342e+00
1.487100672913293806e+02 3.143137682646759146e+01
2.167596400617027896e+01 3.367985185852087682e+01
2.704155899002629440e+02 2.315296355899127434e+01
1.630325921390972610e+01 5.608605696579050459e+01
2.653288259509302520e+02 6.875122493481460317e+00
1.833489118347887370e+02 3.256946834110594580e+01
2.820552524174377709e+02 3.424544725539004730e+01
1.472408267249148928e+01 2.060224301490199750e+01
2.483482038502563398e+02 5.750243143228227183e+01
2.736333329679922031e+02 2.240237541201053872e+01
1.295452659532035966e+02 1.071824506286303347e+02
2.241048055298761881e+02 1.043714144284656697e+02
1.950331979900940382e+02 3.944270788413218298e+01
9.548891716765663062e+00 4.599896235089669005e+01
2.671930838776116275e+02 2.891179797551316710e+00
2.762292276370902186e+02 3.237202536171682965e+01
1.517279841855683458e+02 3.688694174392920644e+01
1.660024597308633432e+01 3.690422283950633897e+01
2.520868207908387717e+02 4.360114030550275288e+01
6.412534194710572066e+00 1.821376316287146579e+01
2.798886623439865389e+02 1.576352561344950587e+01
2.374568210512519784e+02 5.898021333733278482e+01
2.721781451337685667e+02 1.999450792734254279e+01
2.718162577028392093e+02 2.331322327971869512e+01
2.685238830087637893e+02 6.275487313258970801e+00
2.617827990693894549e+02 1.587829996513923270e+01
2.466064958786414536e+02 6.599043966061989508e+00
3.408226860256291246e+01 3.835139432676088944e+01
2.650653529463237419e+02 7.921252402256686587e+00
2.548746135085578715e+02 5.940468340624796895e+01
2.661479416230632182e+02 3.441354938650049178e+01
2.747941772071760624e+02 2.394147608363219604e+01
1.763789236214111327e+02 3.876094746379017408e-01
2.474854436977714158e+02 3.749779847424914436e+01
2.527956848114423565e+02 1.378674856692069000e+02
2.943318813708584614e+01 5.068191330256296823e+01
2.697083101497785265e+02 1.196291241247250881e+01
2.596660347578914525e+02 -2.788850844659470862e+00
2.442697581972148271e+02 5.140008195124421064e+01
2.807218958718133877e+02 2.829893550778303180e+00
2.781680091009990292e+02 2.254378571178228441e+01
2.513236438774107171e+02 1.045989714079985688e+01
2.043217049594500168e+01 3.465471940638973081e+01
2.844220105407184747e+02 2.306743296640041407e+01
2.669019750420154082e+02 1.155031551753710417e+01
2.590472036466019858e+02 6.197511587399662680e+00
2.466853508396046379e+02 1.389543866286936336e+01
2.684892539551948403e+02 2.627010416928143854e-02
1.821734684244254083e+02 1.333781203515918534e+01
1.341463804066625443e+01 5.308648020402402778e+01
2.624199584260856568e+02 3.836496745441853307e+01
2.487543560329057186e+02 8.727020043243332026e+00
3.073751038844481087e+01 3.541687959972141186e+01
2.418765983506266650e+02 4.478888516786352803e+00
2.811656877908505976e+02 1.847513262993601302e+01
2.477043748836073860e+02 4.365355706654591472e+01
2.879183831464907684e+01 4.653999253121731527e+01
2.564974734956597331e+02 1.694189607450613977e+01
2.540979310218723981e+02 3.575448973252143503e+00
2.486736315761238103e+01 1.857933463018652986e+01
1.626234309588349447e+02 1.468628873890856035e+01
2.551710781201178406e+02 4.950154827611609676e+01
2.576189090618559021e+02 1.263199919408018701e+01
2.300232257258662116e+02 1.006255989270719908e+02
2.590994048863841499e+02 4.831063118460572525e+01
2.701426525077445149e+02 7.044184060713261086e-01
2.156758127055792897e+02 3.515173189073578186e+01
2.681984493406437196e+02 2.113901142761462282e+01
2.023389933238502749e+02 9.372538129652957650e+01
5.461324701368594603e+00 2.651896526392235387e+01
7.124154900458656847e+00 5.708529880879057572e+01
2.719432231734040784e+02 2.104870057180730214e+01
2.653743831183142561e+02 -2.079338500351430419e+00
1.714382741676490696e+01 6.675151259493182998e+00
2.129727623858487107e+02 5.678105533516266945e+01
2.623767453205994116e+02 6.564419256445798823e+00
2.587629933103215194e+02 1.781399325370428954e+01
1.470169692134149741e+01 6.759475168255136168e+01
2.524109316491095001e+02 4.803475699159387347e+01
1.839912263572269353e+02 1.806201973121293136e+01
2.459456362519610479e+02 2.052382555247682205e+00
1.973804590499961975e+01 4.690792555032926003e+01
2.596486493823086334e+02 3.783310873570197685e+00
3.929816710508795552e+01 4.833548157210898921e+01
2.387363303121523472e+02 5.503998351274803014e+01
2.591077982071200836e+02 8.306360235721715668e+00
2.321029327046721136e+01 4.315465856216036400e+01
2.239848416831697193e+02 1.034035516683045159e+02
1.998181920937229563e+02 7.643229124499720584e+00
1.900924843841078626e+01 4.066891577762059740e+01
2.212466736628571482e+02 1.884927076024992942e+01
2.477502228570948546e+02 1.703832164761047352e+01
2.331245630039912839e+02 3.082455210460667061e+01
1.324045896842080516e+01 6.764252087062351393e+01
1.601502282434950644e+02 1.144107985676408745e+01
2.646000593665386305e+02 1.875095063083229263e+01
1.232466447652571588e+02 9.454889195230262544e+01
2.546220076957694971e+02 2.022829852539128481e+01
2.519509722026808731e+02 8.309850343177727083e+00
1.802878945839605080e+02 1.063260821886629159e+01
2.497787393136260334e+02 1.432622061449905715e+01
2.819378317387495940e+02 3.086800197620168973e+01
2.680273133012033213e+02 -2.735529100764293453e+00
1.620787717246235005e+01 5.672046214524353047e+01
3.583117459198010835e-01 3.992237333438603031e+01
2.698883735327070781e+02 1.262803370614471277e+01
2.343764609754290973e+01 4.068525029670645665e+01
2.532764609667510456e+02 4.768510556552847390e-01
1.975207268830089617e+02 4.309107169978711482e+01
2.819956248898558329e+02 2.155410994246053136e+01
2.734228594424129142e+02 3.151167577518145890e+01
2.754203765692628281e+02 -6.003891556793579554e+00
2.412657351252888134e+02 4.671580105127188176e+01
2.120546214885341101e+02 1.041367849097356384e+02
2.653538999498852036e+02 7.365299603810533391e-01
