2.591763473037584049e+02 4.798749029054560111e+01
2.711891766975106748e+02 1.500185717736117219e+01
2.499643392305243594e+02 4.792015365657982073e+01
2.542836948284994492e+02 1.791313948653719024e+01
1.287625573635327214e+02 1.048819423719240973e+02
2.666371197108954902e+02 1.851504242171857584e+01
2.427396983769058068e+02 4.283664309823006278e+01
2.392768011981644918e+02 5.424425410314192675e+01
1.061412545196421888e+02 5.141978662837937009e+01
2.859520363027237977e+01 3.568726262493422752e+01
2.687673719030806865e+02 2.138220362461236235e+01
1.981917982631753148e+02 3.051211968473783998e+01
2.642653187685797320e+02 2.100202726164625133e+01
2.693168283405848342e+02 5.327465025390478282e+00
2.476129605739028534e+02 3.919046586728855530e+00
2.596486404156656249e+02 5.234890964751537012e+01
2.685058307433771461e+02 1.001309321658377804e+01
1.509319041339561807e+02 8.899038206127754336e+01
1.657165017366124005e+01 2.845365200238465775e+01
1.660243018789281422e+01 1.485043101561531742e+00
2.139289460660869224e+02 3.466562111543421310e+01
2.519391301812746349e+02 3.618677165391696349e+01
4.970997931585826279e+01 1.654937108429665926e+01
2.917249640659766285e+01 1.987196860880165161e+01
2.548847361969495751e+02 -3.047774715936649947e+00
2.739177577519026840e+02 7.246643100878791266e+00
2.713411555827447614e+02 5.903935573540000092e-01
2.605016746599159205e+02 1.601552183446860766e+01
2.576990525812943247e+02 1.384470459295233979e+01
2.734652139299330997e+02 2.415117585572890135e+01
2.824224313971439528e+02 3.300909469308811239e+00
2.102965839440787477e+02 8.580496796203965104e+00
2.892524613428623184e+02 2.040727093762236777e+01
2.534463627605321676e+02 -3.725520592294953026e-01
2.585195141551882330e+02 2.441213829171164029e+00
2.339335757257637169e+02 5.754775675715480077e+01
2.385586371959651899e+02 3.831802036409246881e+01
2.166445659010990710e+02 1.238560323292683840e+01
1.627753535693573994e+01 2.716402564337910519e+01
2.049223180339631369e+02 -3.520886749230028201e+00
2.530458095579291182e+02 5.079794781581338015e+01
2.558477801723347227e+02 -4.386577623599464459e+00
2.442644542122397411e+01 3.794236371826417553e+01
1.345184231729828994e+01 5.306493916433169744e+01
2.410980088915630404e+02 5.169636468676944041e+00
5.088189344988697016e+00 4.330610601204357124e+01
1.626075801738545010e+02 7.684554235765876484e+00
2.084863993957289807e+01 5.061699969250586406e+01
2.586622530090121472e+02 6.219591448803506495e+01
2.081358216572002959e+02 1.121391680134467634e+02
2.423300595467758285e+02 4.374997588463695308e+01
1.577882974173224895e+01 4.827984354144190604e+01
2.465367240437956013e+02 4.235330914233031052e+01
2.497633666642254724e+00 3.458628053097778832e+01
2.709952932922610671e+02 1.280932022058925668e+01
2.713720492039784062e+02 1.364700075510063293e+01
2.717910701309143064e+02 1.599838071935497297e+01
1.669989831268303959e+01 2.875440463166794558e+01
2.121515230467844617e+02 4.457150781388371286e+00
1.314718437314588755e+02 7.265563940908214136e+01
2.711687523240457267e+02 2.161976580284905225e+01
2.472228938022968805e+02 5.108383758113326678e+00
2.692881327428763143e+02 1.062995061727812285e+01
2.679627474156812994e+01 3.499484643200395340e+01
8.836379704710608962e+01 3.978792370606682738e+01
2.507781551141776220e+02 8.262538494797755817e+00
2.622384845407060538e+02 1.017721018945324296e+01
2.596408734405736709e+02 1.871166122794758380e+01
2.921975024858842573e+01 4.344498783999516434e+01
1.960741334356793857e+02 9.522308469722898394e+01
2.531142475944039631e+02 2.838574230993414993e+00
2.663277366087588121e+02 1.713273886765687237e+01
4.891105415618964258e+01 4.379464694745020381e+01
1.322362862892389046e+01 1.755220763985668953e+01
2.609984110219302238e+02 5.388267273067293139e+00
1.409131899900353879e+01 3.448242666746599383e+01
2.705612736315524103e+02 1.339973950430909611e+01
3.211924428222852512e+00 5.002702430020835322e+01
2.470974228650555915e+02 1.914749240786855111e+01
-8.720236316177158997e-01 3.207521351726310854e+01
2.055354747873672636e+02 -5.600933985365297296e+00
2.686565653479513003e+02 2.472797071719790907e+01
2.742495452953567110e+02 1.101456101874506288e+01
1.722907332381254548e+02 2.662092295159331456e+01
2.674445569268526697e+02 2.257725394090449811e+00
2.594407196802895896e+02 6.558399201185974192e+00
2.712697666487627544e+02 2.255433255705430895e+01
2.654457878318839903e+02 1.689686730078452115e+01
2.738398272265432638e+02 1.045514538963999840e+01
2.478854767034062547e+02 5.811797424731138051e+01
2.109087377845271050e+01 1.159061926637171069e+02
2.374397224984411139e+02 1.001563979159416995e+01
2.674831012939768016e+02 1.966152259290637261e+01
3.876232724655081796e+01 4.969758831298555180e+01
1.956560630505501877e+02 4.457034520474921635e+01
1.327172073912364283e+02 -5.745125752943499364e+00
2.035070790754212169e+02 3.562502517025471604e+01
2.256509058881314900e+02 2.704747328445002097e+01
2.649056046540765692e+02 -6.447297406928146124e+00
1.278723041086607637e+01 4.359410463006247483e+01
2.461796018676779170e+02 -1.889989340486526892e+00
2.808693224331340161e+02 1.061662637724970359e+01
2.804834629678183546e+02 2.161614297411784236e+01
2.493007182403314630e+02 4.464276577267185786e+01
2.715181247268737863e+01 5.514782351579142983e+01
1.099241727865832985e+01 3.417760698613901127e+01
2.531678636453649744e+02 9.635248734693110606e+00
1.326090110405634448e+01 2.733181079232510058e+01
2.674228818197901774e+02 1.077999313187397661e+02
2.450243316966808891e+02 1.959905318293932552e+00
1.560704588084488975e+01 5.676664144114968025e+01
2.453870669244528457e+01 3.762345533319795265e+01
2.358163437316936779e+02 5.415433650401847387e+01
1.673506943518927699e+02 -6.656620507311572510e-01
2.515202220383380620e+02 2.563638429630691107e+01
2.398616278832526518e+02 3.976731966380107508e+01
2.776554837234405682e+02 5.632704196212277026e+00
2.455704332551585267e+01 2.750510178900019298e+01
2.614328535453078075e+02 5.474770069874534073e+00
2.473476201724780026e+02 4.965641688206394733e+00
2.555234862784288623e+02 6.724444319250925117e-01
1.048150281318369252e+02 5.302420903430553523e+01
1.869355945689219993e+02 1.504704525255454328e+01
2.645587750926738408e+02 2.287350547140401247e+01
4.026185157595771358e+01 3.751503679082748022e+01
1.817703652634405103e+02 -1.038042512938298856e+00
2.502114745477615827e+02 3.831673849704240631e+00
2.352389795719972199e+01 6.792275855170326793e+01
2.376160733341700109e+02 1.304811446114010778e+02
1.523876450149060418e+02 1.395951541532684459e+01
2.587223835480401704e+02 5.989565068488472122e+01
3.960468094270666484e+01 4.313591048765415792e+01
2.646582756184831169e+02 2.574129618049550317e+01
2.612003612299461111e+02 5.499865820492694013e+00
2.649227918693246124e+02 -4.688116494206922447e+00
2.568200892076931723e+02 5.535695665920998820e+00
5.883564103689100655e+00 1.782256825546114953e+01
2.811301296804882810e+01 3.826385410334158621e+01
2.451540345248807284e+02 1.289473703026964202e+01
2.566710123482288850e+02 2.196858904214109742e+01
2.516318100676722906e+02 1.182944599923653044e+02
2.599090935359092782e+02 7.163326929132107779e-02
2.600385718893763283e+02 -5.227131133368554394e+00
1.800539032576056684e+02 1.038102741967973230e+01
1.730688799136011937e+02 2.593208437037866076e+01
1.024675622952586984e+01 2.152376222509152726e+01
2.525540946661940609e+02 5.969763246507271859e+00
1.609114209661470909e+02 3.242461961378792523e+01
2.396290290909282419e+02 -4.532270554460936296e+00
2.532964145022406512e+02 -1.508670152713664336e+00
2.805817338056831431e+02 3.251078680294068590e+01
2.153660991795678115e+02 1.003085581401460900e+02
1.882531655855979125e+01 5.227702452881098338e+01
2.665075346002127432e+01 2.121839443967235539e+01
1.518907396447629026e+02 1.554795917693897778e+01
2.507704692830160127e+02 6.762008978349858701e+00
2.034176206580669088e+01 3.868613481510107022e+01
2.019479955244537450e+02 1.067365892483728729e+01
2.575961449031481720e+02 2.478567021352501953e+00
1.313688477371584327e+02 1.063690630937296504e+02
2.401322830314589396e+02 4.948953588920729452e+00
2.562926493192455837e+02 5.153150987638277769e+01
2.662127422231537821e+02 9.092918587195537583e+00
1.782228703005999932e+02 2.324744022024857770e+01
1.956787517682260358e+01 3.737325421991821628e+01
2.375223625301804731e+01 3.988830973377609723e+01
2.363856343960852513e+01 3.940025992179960923e+01
2.634153386540409656e+02 1.828894248943107570e+01
2.383602598880931112e+02 3.002695772948782427e+00
2.549463761019638639e+02 2.603881565435601431e+01
2.159002610169837624e+02 1.316377416770114053e+02
2.488910832259314247e+02 1.161385711633449169e-01
2.570115677744346385e+02 2.855792519499186888e+00
1.588892186902999413e+02 2.060978474823350837e+01
1.729399797997258759e+02 9.788936534610899187e+00
2.694615293459918348e+02 1.168095694455391076e+01
4.139463048651735022e+01 1.981057151450528409e+01
1.394980968397117493e+01 2.666942824947068402e+01
1.990682650156120985e+02 9.171039734462672754e+01
2.620301484263187604e+02 2.469008879375216736e+01
1.504575781677033852e+01 4.007549005025294520e+01
2.753465178445718493e+02 1.619207328661861567e+01
2.447655667777254678e+02 1.287668954121319320e+00
2.036933705131484658e+02 2.775573818412538429e+01
8.811986532209838074e+00 5.849666716937806399e+01
2.768113526770877542e+01 3.638916925757970233e+01
1.760547577425518000e+02 6.052936823682829370e+00
2.341170751837565831e+02 4.700023053669341522e+01
1.223942940713362191e+02 1.065792950069551637e+02
2.661081647297075392e+02 2.082811904527696711e+00
2.508199065973015252e+02 8.003033836401057144e+00
1.133620444079833192e+02 1.026258608844872811e+02
2.522069412879888262e+02 1.867132545321388903e+01
2.788889691101054495e+02 2.530523599123878498e+01
2.643950521032379015e+02 3.529200266076364301e+01
2.184094464186774474e+02 5.202341344101074583e+01
2.690309537091719108e+02 -3.757416565851108281e+00
2.487259458971731476e+02 1.578487760307612753e+01
2.123036511620495332e+02 9.542564677821722796e+01
1.590670167333996403e+02 3.085410285135230168e+01
9.157147031968822404e+00 2.232717721971773273e+01
2.527201626139881512e+02 4.599309527372519568e+01
2.938969504642249575e+01 3.448132223721234624e+01
2.578244566648098157e+02 4.946669961229912538e+00
1.851628200668201032e+02 2.361477880330864210e+01
1.915914745520049962e+02 8.723136041750311165e+01
2.473149799424277546e+02 3.232418500419116469e+01
2.402556220143372911e+02 1.331161356127137374e+01
2.677699716578764537e+02 1.550112128349866936e+01
2.529591144930892312e+02 7.444905276318108278e+00
2.415271947696174095e+02 8.930557885335646517e+01
2.493424925461310977e+02 2.716634139073086374e+00
1.200518664313048056e+01 4.904457493440078508e+01
2.724384998597626009e+02 1.958439830781872004e+01
2.544874223711545369e+02 5.888201440815097776e+00
2.668385715099212234e+02 -3.057493397977817828e+00
2.681555819709447519e+02 1.695192822507866737e+01
2.825641368906441357e+02 7.877862657249855793e+00
2.721258193855296668e+02 1.595214420671802458e+01
2.544616847744549375e+02 6.755284534426096776e+00
1.583975719483542264e+02 3.449712875017373648e+01
2.154935099128772436e+02 1.890355055008396334e+01
2.453064629275490915e+02 5.278255259764355145e+01
1.621794810604490067e+02 1.018758651772874124e+01
4.117919592362980552e+01 6.226378931535748507e+01
2.513649724368204943e+02 1.529361080957289687e+01
2.798461683982407067e+02 2.482734118506697030e+01
2.445897568534565210e+02 9.051763990624873912e+00
2.628628823722966672e+02 6.592708863281270482e+00
2.718683636488903517e+02 1.925237089660620526e+01
2.059869825538826831e+02 1.271053158247356585e+01
2.448504590885683285e+02 5.962405839262087426e+01
2.740228371479646512e+02 2.624113541964868546e+01
2.704533102982271657e+02 1.082226676044629166e+01
2.245011456284287306e+02 1.142725717642181138e+02
2.687027685647880730e+02 1.774938136782444786e+01
2.517889249850834119e+02 -1.123988116557795180e+00
5.425470347163830809e+00 3.655835951684549201e+01
1.322012228442634196e+01 4.771242174961190585e+01
2.695807642239796564e+02 2.297583715279221295e+01
1.739281211635127704e+02 1.771586494411446111e+01
2.563093293977487406e+02 1.629231006698702089e+01
3.715062950344866266e+01 5.681336263400032038e+01
2.163902390864646108e+01 2.959379343747950841e+01
2.814179946633312284e+02 3.003922410121644759e+01
1.579747367502188240e+02 3.965252610521458365e+01
1.496818594688654116e+02 3.839793972827423829e+01
2.241158719470855942e+01 5.550164603268071062e+01
2.241249100065853952e+02 4.300238065542853150e+01
2.539612104862188602e+01 4.871717897642217565e+01
1.804972304668928871e+02 7.121285054271520210e+01
2.441562663073799655e+00 3.225565867886419369e+01
1.645305732255065436e+02 2.415700302777710817e+01
2.545319927462742271e+02 4.031160110914669303e+00
2.728737351199116574e+02 1.156962794088994428e+01
1.301462050600837728e+01 4.027122896067299962e+01
2.532266091221188162e+02 7.829354350238668658e+00
2.764819458211856045e+02 2.003068415976586891e+01
2.279589515729489051e+02 4.820439666659717659e+01
2.776922696985810717e+02 2.374739601486796658e+01
2.553997353972620488e+02 -8.772032657758607188e-01
2.634312054273048034e+02 1.301720712133177749e+01
2.134656240613008720e+02 3.365500470381229547e+01
1.512893200514616581e+02 1.187057886754762848e+01
2.649955254967071028e+02 1.690960327638967087e+01
2.870761609772802103e+01 3.174000075894815609e+01
2.645753077702554492e+02 5.221512149093658905e+00
2.207729284731402686e+02 1.028932921920665393e+02
2.698301105187885582e+02 2.651021299342640702e+01
2.462368772463599669e+02 5.701916471122451924e+00
2.485934720759037191e+02 1.904652751388531406e+00
2.667258696075746798e+02 6.909975286785723370e+00
2.807261224886665332e+02 1.622888647267274820e+01
2.706441799784352042e+02 1.185514140560710494e+01
1.477531162653275771e+02 1.731380362946388729e+01
1.066222659055042499e+02 5.151290210036113848e+01
1.739819992135380744e+02 2.842749294875012112e+01
2.894409884802067268e+01 3.588328450461351338e+01
2.777232714896502443e+02 1.729291298269613364e+01
2.033930012576341255e+02 1.950487244818578958e+01
1.458912738237156859e+01 2.157569871361627278e+01
2.953437843205836089e+01 4.125192485119934105e+01
2.476539557584281397e+02 4.928258836851652092e+01
2.466376572093665231e+02 5.366824480863989777e-01
-4.968367025924949054e-01 5.483395671660836257e+01
1.901000893080467051e+02 4.304125756069585407e+01
2.650701912409306260e+02 6.899230031295840782e+00
2.368166180967569971e+02 9.776158721618828906e+01
2.141933280872722207e+02 3.717561799669278599e+01
2.756208059477300480e+02 3.458016009982178218e+01
2.673435519874132638e+02 1.350335744534030091e+01
2.762660265265302684e+01 3.284685581692487943e+01
4.173641446547136979e+01 5.138908691285502783e+01
2.493138452303242047e+02 5.615276103032284283e+01
1.982205901652470743e+02 2.554472531205133734e+01
1.010834052371713376e+01 3.599152218597071595e+01
2.689710821749642946e+02 1.656781951946886267e-01
2.039629985139242194e+02 3.473823333266503255e+01
2.344764241654015393e+02 4.486704364796007383e+01
2.665573035097942807e+02 2.480175136827691773e+01
2.721092993112049498e+02 1.778202014651300544e+01
2.708074755545912922e+02 1.752172910787112770e+01
2.582842976636951562e+02 -2.895195990642029926e-01
2.798789170403076696e+02 2.981499639972133764e+01
2.204447026046962677e+01 4.334597286576613584e+01
2.579723988435019919e+02 -6.153367962709156203e+00
2.749424393228097188e+02 1.523865192945450708e+01
2.020330113677132999e+02 1.257279168278198078e+01
1.164622294335739952e+02 1.001031072496840864e+02
2.340246133738496326e+02 4.644227570243212000e+01
1.761732182268633267e+02 3.298065200353892124e+01
1.545606922113001076e+02 9.230419620257469759e+00
2.562553084089472577e+02 -1.132240525066290804e+00
2.097709711622660933e+01 4.442870691937053351e+01
2.564789342467503843e+02 5.801348090917270994e-01
1.605071490822942906e+02 1.986317925352533820e+01
2.080213919143193948e+02 1.327218521977554389e+01
2.592510491303798403e+02 6.119163685464526381e+00
2.201788176990537806e+02 2.079668807880733539e+01
1.999012046757494687e+01 4.648303472303278738e+01
2.146256742249163452e+01 1.524920059779601544e+01
2.710491810519960154e+02 4.008503723130939278e+00
2.575960041628338786e+02 1.298983963902391903e+00
2.564809779132013432e+02 6.228026434533075140e+00
1.360373997843982181e+02 1.263840566940065635e+01
1.718741997672387356e+01 5.995952456150288867e+01
1.769420653493120881e+02 5.646560709891796037e+00
1.172514353523803408e+02 9.751593134122752815e+01
2.614693257759536777e+02 2.044260617437742766e+01
2.650575607629011756e+02 3.258912180128945568e-01
2.511373374575551338e+02 4.167835823958414920e+01
2.532070710584612527e+02 2.611290012604754907e+00
2.678131252687497863e+02 1.439316958374283750e+01
2.536263714377112422e+01 5.665741851712295585e+01
2.440327548079664268e+02 4.602274410843318719e+01
2.367861974455998961e+02 1.049979613061037043e+02
2.818367006495621752e+01 4.070222028466854169e+01
3.300190330247346537e+01 3.397613615585744640e+01
1.898916302680535182e+02 4.981588796881300141e+01
2.357762042854660649e+02 2.073161378911695607e+00
2.751761798340896235e+02 3.033619668857620866e+01
1.839673048590790927e+02 3.020365158857359944e+01
2.438451854484727903e+02 1.908381979029378428e+01
2.571857802400531909e+02 -3.264718453825094180e+00
2.608615406909698322e+02 4.919892857051502588e+00
2.621807413617867155e+02 -1.090898467241401271e+00
2.548013959326702604e+02 4.808512941957846465e+01
1.734866860919737519e+01 4.227137841615832059e+01
2.645181282215315264e+02 4.826137506279925660e+00
1.715015268609601407e+01 3.134339665439122768e+01
2.725085770063177506e+02 1.067100754371957905e+01
2.047471473154430299e+01 2.814151493950892302e+01
2.698375437404671402e+02 8.891339113883685030e+00
1.946501629196626766e+02 1.273742702019238493e+01
1.708389193667968300e+02 9.695185183995420175e+00
2.633083765285562095e+02 2.039101973467743356e+00
2.671071467259327648e+01 2.662381749139319709e+01
2.698402754362200540e+01 4.098286708687501090e+01
2.520002358012431216e+02 -1.525233272426148368e+00
3.365207829761720859e+01 2.616879369818872902e+01
2.647447905097930061e+02 6.174836560284079567e+00
2.724581971036413961e+02 9.240658303927636652e+00
2.116473012651796068e+02 1.033579167489448025e+02
2.012632209005660755e+01 4.883868513512672394e+01
2.722643728517315935e+02 7.817104994296217413e+00
2.547133120279495984e+02 5.299328880270378761e+01
1.543149764546689937e+02 1.154649514677666389e+01
1.541594378622262127e+02 1.862638325867330380e+01
2.549345764117902604e+02 -4.515311149078184982e+00
2.648581442028685160e+02 4.612841658946134515e+00
2.517947996009263250e+02 9.304496278397834885e+00
1.778410343324078156e+02 2.953098239358598676e+01
2.692606651257666499e+02 -5.778927060852794284e+00
1.139396807705257331e+01 3.404682706141832682e+01
1.930986024096878140e+01 3.297407768679437368e+01
2.547209654345828085e+02 5.199233537157908103e+01
2.607372249530285444e+02 1.389821072805875879e+01
2.460811251937447821e+02 4.930013568772398713e+00
2.561664101299080016e+02 1.815661016469389111e+01
2.102226514583259132e+02 2.835957031193577293e+01
2.725012577613771469e+01 3.872928207991550664e+01
2.653411514655761607e+02 -2.302792409957549413e+00
2.009309139052293460e+02 4.520129059897686830e+01
2.622627655059420135e+02 2.310717989298685993e+01
7.352108324614158974e+00 2.384029531862255880e+01
1.760077891169532052e+02 5.230441389076964320e+00
1.158309295827719687e-01 5.641838602319732132e+01
3.463514758486901712e+01 7.874939205565907230e+01
1.985370974725491067e+02 1.753678597204939393e+01
3.655873477815989503e+01 3.601657752178125094e+01
2.027644194713313084e+02 2.180505912369092059e+01
2.735066353600785192e+02 2.263915200755786117e+01
1.986869592879870083e+02 1.002189610872164565e+02
2.190196872372043231e+02 2.785080680503736161e+01
1.550562263748757914e+02 1.167483330934819108e+01
2.798537135660823196e+02 1.120689972491415887e+01
2.741125081474347667e+02 1.915848119742683053e+01
3.277459098210691479e+01 1.190887386912045827e+02
2.590470580491893884e+02 -1.813002447197224587e+00
3.458744670775539731e+01 5.304127202906065008e+01
2.802140261089065234e+02 4.377361841082264249e+01
2.574292513699807614e+02 6.566350104311119651e+00
2.879548340139365905e+02 3.000643772810440879e+01
2.635779651569356474e+02 8.130156624348003902e+00
2.727556440492829211e+02 1.307483028465841102e+01
1.850988844407375211e+01 4.822672143369624820e+01
2.391312469087466184e+02 4.972141173718189577e+01
2.163483559558077616e+02 1.301807859011568382e+02
3.102607010138210697e+01 2.120884949620490545e+01
2.604881697812804191e+02 5.709925227791110558e+01
2.661335706420313727e+02 2.123333366894760132e+01
2.631796718095303618e+02 5.372607440846904225e+00
1.635499877509760154e+02 3.440396695820864892e+01
2.471980999061401860e+02 8.014466513720892138e+00
1.985428353496740073e+01 3.351914727639325520e+01
2.349561953711874907e+01 4.052944308806750229e+01
2.520677007480317116e+02 1.306687849914431183e+02
2.735422874224249199e+02 2.417757730968134666e+01
1.910256524598688799e+01 6.015206798377175801e+01
1.887923967647406300e+02 3.483385294972109847e+01
2.564540898968103306e+02 9.881636513552635392e+00
2.464110461733460511e+02 -1.470133472155175092e+00
2.653266342061996284e+02 2.736275943055865412e+01
2.369840505831445512e+02 1.268977380377565680e+02
2.247829591312801938e+02 1.277572121447574602e+02
3.059909710924180359e+01 5.079978207587649308e+01
2.546473978858040255e+02 1.308958064490151685e+02
2.588660226722603284e+02 7.388070458260744822e-01
1.789372096192632000e+02 1.300507474959144716e+01
2.662750851088084687e+02 2.719840833911332112e+01
2.230500781012975722e+02 3.713477280748016085e+01
6.829084555382893384e+00 3.625013041046443618e+01
2.602425295937810006e+02 5.783918190665341186e+00
1.492529268367402722e+02 6.753438886365444205e+01
1.209162620868449878e+01 4.517284183898421190e+01
2.693273372196017021e+02 1.199147941711633081e+01
2.598013811628868552e+02 -2.232803316547903094e+00
2.378758268979153172e+02 2.201149952076523419e+01
2.604650124900310288e+02 8.575822580416360807e+00
2.793233969955110183e+02 2.868133611230872404e+01
2.766938391187900379e+02 -5.820954054534726474e+00
2.877926153486687895e+02 2.176452416323339634e+01
2.461713018740527446e+02 2.789612299304842225e+00
2.700027416388042525e+02 1.734960707310762729e+01
2.553513022063168876e+02 8.480867690775575340e+00
2.463585843413862335e+02 5.438498933653711731e+00
2.147774177562633042e+02 1.111153138125180959e+02
2.039321205886000854e+01 3.853642990605960961e+01
1.624693995767631094e+01 4.014484096693580284e+01
2.817909558114229185e+02 1.732832045867492354e+01
2.489042099805676003e+02 1.954741310860086401e+01
1.196722580652686929e+01 2.438311657789780185e+01
2.808360413026317559e+01 5.309259149365549035e+01
1.716514581114707738e+01 4.957745268320839216e+01
2.794506821155763987e+02 2.198850043421336764e+01
2.345576762051766764e+02 4.110602832597008671e+01
2.541170004150212094e+02 4.357507373530964401e+01
3.005131213849777083e+01 3.414284888621784830e+01
2.213791130658452744e+02 1.989870655193159621e+01
4.340891062624652363e+01 4.351920076177863450e+01
7.935800089572307314e+00 4.430265217881724027e+01
2.603685056645924760e+02 1.445278664172293404e+01
1.974073071812195579e+01 4.870550849934235771e+01
1.536282826303747129e+02 1.173245932557935944e+01
2.779957344423960990e+02 1.405102925418835902e+01
2.464746228456428980e+02 -2.735648210542874104e+00
2.621696174148397063e+02 4.288375010594463355e+00
1.141545515041072889e+01 2.936375904356519584e+01
2.499485452129355849e+02 1.530462841729586465e+01
2.568301935303674668e+02 5.819317343574779500e+01
1.909361265195085267e+01 3.969974686971647770e+01
1.604102655784279463e+01 5.851355024525338422e+01
2.775530727184717534e+02 2.229612318515570379e+01
2.052864203629335904e+01 1.274655914277497715e+02
2.429805813658233546e+02 9.038970011025941886e+00
2.683477667596021092e+02 5.090581882029603378e+00
1.964811149670981365e+02 4.085293787972517521e+01
2.631462700844610367e+02 -5.470079934710723180e+00
2.623386796852049656e+02 3.901969061335358901e+01
2.794355920039498073e+02 3.382329494443747819e+01
2.773678977196339588e+02 9.548208098771663543e+00
2.317205736669137650e+02 5.533545493507645574e+01
-7.563783606555229966e-01 3.592927645505167789e+01
2.652538795930740321e+02 2.586506664836209168e+00
2.544962283506206973e+02 8.482062893738604004e+00
2.755846402438644986e+02 1.371280069697823478e+01
2.729992704831641248e+01 1.028506165172947462e+01
1.261424366615701018e+02 6.883104207229655103e+00
2.594399749602812335e+02 -1.194569818001327555e+00
2.535887389598699428e+02 1.082776835276090210e+01
1.996254017466877144e+02 3.127638273783713885e+01
2.720706684340048014e+02 3.258733324514587082e+01
2.638159961772189490e+02 1.233668973675819380e+01
2.468834585122692147e+02 -6.154552574351281891e-01
-1.997517770877389021e+00 3.633785686161051842e+01
1.783824854206564225e+01 6.756110545986263105e+01
2.194115828356660245e+02 1.976342995409174108e+01
2.559494877454617665e+02 8.656871822021845020e+00
2.664405785759441869e+02 3.829096063401077998e+00
2.612858963679434510e+02 7.387310397238632476e+00
2.719218075803909187e+02 1.513284006691561245e+01
2.528917671855775779e+02 1.255680424563131758e+01
2.169338577787357281e+02 3.141407869663137831e+01
2.821060477540467559e+02 1.281352784841714154e+01
2.188274715116719165e+02 2.337645038913758810e+01
2.694676086576958483e+02 2.220539737118308921e+01
2.714482258828211343e+02 2.849440579334095247e+01
2.617927803412358116e+02 6.341294077759584980e+00
2.409640912393593624e+02 3.451129265139526581e+01
1.806165304186482672e+02 2.482769387528060179e+01
2.675459698566598945e+02 5.660441508286281120e+00
2.565551017764581729e+02 -9.877085121936314493e+00
2.449083544608260468e+02 1.055231848156028107e+01
1.914887998330248706e+02 4.502355432862731277e+01
1.553472571376239486e+01 5.644417450748732534e+01
2.542041806892911779e+02 1.756331683803496801e+01
2.532413492297508810e+02 4.642453300550938522e+00
2.671391166498453913e+02 8.315423977539650124e+00
2.786938416618892802e+02 1.993292091083795370e+01
1.679339412562480618e+02 3.306167281311214623e+01
2.611546025037162053e+02 1.071010791598562939e+01
2.590106372584855876e+02 8.999474667430550312e+01
2.420523837886357654e+01 3.554426362360101166e+01
4.100137336823564738e+01 3.500198218080127788e+01
2.096587370835125341e+02 4.093683542686985533e+00
2.471435092063515526e+02 9.871799495512519229e+00
1.644080573137811996e+02 3.902021884457678880e+01
2.563865270156488805e+02 1.752727318376328114e-01
2.814978302443514622e+02 2.430512056003824739e+01
2.582132785439081317e+02 -7.045297512480330759e+00
4.208695009984769797e+01 4.425975126415902849e+01
2.464251881267185524e+02 1.224909022716167328e+01
2.765036856393532716e+01 4.000962787375779328e+01
2.465384082816927673e+02 -7.282736349788616614e+00
2.506005342719751070e+02 5.086532973823268833e+01
3.169625814086931115e+01 6.405773840451223577e+01
1.487007350982534888e+02 4.043172715860357869e+01
2.661337201685705622e+02 -5.994942805743428416e-01
2.510064993387339172e+01 1.864605287604110373e+01
2.263960438868149794e+01 6.043876659742123536e+01
2.555679112059277429e+02 7.903023170878602954e+00
1.912590136062627835e+02 2.615320502928002355e+01
2.628799360087937771e+02 5.573903161481368329e+01
2.785267880745963680e+02 9.534124725817619606e+00
2.423491153558548490e+02 2.750619530964262260e-01
2.604047279782370197e+02 -1.735973591567814722e+00
2.797727634665567962e+02 -7.627883610028392880e+00
2.026037611188774292e+02 1.016995799618456431e+02
2.167566607770982046e+02 1.856464103443568803e+01
2.634536305412063371e+02 -6.066737367571519712e-01
1.374915815877005230e+02 7.973679849458639524e+01
2.612318094009449396e+02 9.925058747013721927e-01
2.445800976889357798e+02 8.555674109725281085e+00
2.810453181818359667e+02 4.266592676066610323e+01
1.560554410613403888e+02 1.461486815747390722e+01
2.685595210510437028e+02 1.468989494674188379e+01
2.717302067523087317e+02 2.374832150172608891e+01
2.430222350126262540e+02 6.345685924567739278e+01
2.619985805040556670e+02 1.106918720797775535e+01
1.410047745161640762e+02 4.575615597241729660e+01
2.705666508133928119e+02 1.192863161061373489e+01
2.664085079095930269e+02 2.208738188183495410e+01
2.467995359103653641e+01 3.944233484396908551e+01
1.797597001611321730e+02 3.123726071433534557e+01
1.843901423231497461e+02 7.799084661459421142e-02
6.611715840942474109e+00 1.135980585938423104e+02
1.022551389142145517e+01 1.535062010713559744e+01
2.829452123292003307e+02 3.605293873167689611e+01
2.780188451571873429e+02 2.975815896912124714e+01
2.615135727195973203e+01 5.289879764352062352e+01
2.649345311021815519e+02 1.338189825644287900e+01
1.245430461802019977e+02 4.309678624250487644e+01
2.478704178637751170e+02 -7.481491596309792769e+00
2.693946580530204642e+02 2.924918048152804317e+01
2.634223908498601645e+02 1.081919302601156829e+01
2.622858346953323689e+02 2.229386919335102490e+01
2.864900751300262982e+02 1.199549899051378432e+01
2.666934162463742837e+02 1.367023728730034549e+01
2.510094873872912444e+02 5.891463761491836593e+00
2.255269084679535396e+01 5.067517315787375765e+01
1.741800248767071935e+02 2.791235064901488272e+01
8.457602485516986235e+00 3.501727516347413882e+01
2.569745637270268617e+02 3.721664875255608074e+00
2.739059151502908662e+02 2.094438406108459105e+01
2.153918108681039882e+02 3.183278622565574167e+01
2.234289734427696601e+02 3.872769195660845298e+01
4.682949725965357857e+01 3.239689047543242850e+01
1.590856240563976698e+01 6.005072572955644716e+01
2.693309443065447795e+02 -8.419216707928445231e+00
2.801372059315326624e+02 9.363550587238382406e+00
1.404638371000783081e+02 4.419018317093792447e+00
2.269656705383066253e+02 2.492608364130722265e+01
2.583051621934289415e+02 1.289074537177559421e+01
2.598486489807054340e+02 6.571925266604382898e+01
1.821345856352091062e+02 4.491610215632746872e+00
1.841429858142369085e+02 6.293610580397321463e+00
1.519611609175586153e+01 2.671797323473207086e+01
2.494505083431818093e+02 1.593740987821827559e+01
2.630819773845034319e+02 4.306396396295139262e+00
2.349312609954687048e+02 1.438237145959907703e+00
