4.658560014686150476e+06
4.658560014686150476e+06
4.658560014686150476e+06
4.656749231239283457e+06
4.656749231239283457e+06
4.656098839388042688e+06
4.656098839388042688e+06
4.656096249206732959e+06
4.656096249206732959e+06
4.656096249206732959e+06
4.656096249206732959e+06
4.656096249206732959e+06
4.656096249206732959e+06
4.656096249206732959e+06
4.656096249206732959e+06
4.656096249206732959e+06
4.656096249206732959e+06
4.656096249206732959e+06
4.656096239806089550e+06
4.656096239806089550e+06
4.656096239806089550e+06
4.656096239806089550e+06
4.656096239806089550e+06
4.656096239806089550e+06
4.656095504689473659e+06
4.656095504689473659e+06
4.656095504689473659e+06
4.656095504689473659e+06
4.656095504689473659e+06
4.656095504689473659e+06
4.656095504689473659e+06
4.656095504689473659e+06
4.656095356009184383e+06
4.656095193528003991e+06
4.656095193528003991e+06
4.656095170339291915e+06
4.656095170339291915e+06
4.656095170339291915e+06
4.656095170339291915e+06
4.656095170339291915e+06
4.656095169104814529e+06
4.656095169104814529e+06
4.656095111258796416e+06
4.656095106993949972e+06
4.656095106993949972e+06
4.656095082063625567e+06
4.656095073935257271e+06
4.656095055753681809e+06
4.656095055744951591e+06
4.656095050915367901e+06
4.656095037119524553e+06
4.656095037119524553e+06
4.656095037119524553e+06
4.656095036384173669e+06
4.656095036384173669e+06
4.656095036384173669e+06
4.656095035056483932e+06
4.656095027718334459e+06
4.656095025332685560e+06
4.656095023866204545e+06
4.656095022973654792e+06
4.656095022518968210e+06
4.656095022136880085e+06
4.656095016419552267e+06
4.656095010723194107e+06
4.656095009832318872e+06
4.656095009832318872e+06
4.656095009584992193e+06
4.656095003617854789e+06
4.656095003276497126e+06
4.656095002971364185e+06
4.656095002708642744e+06
4.656095002471806481e+06
4.656095002471806481e+06
4.656095002471806481e+06
4.656095002471806481e+06
4.656095002135289833e+06
4.656095002135289833e+06
4.656095002135289833e+06
4.656095001487681642e+06
4.656095001487681642e+06
4.656095001345844939e+06
4.656095001116012223e+06
4.656094999082803726e+06
4.656094999082803726e+06
4.656094999082803726e+06
4.656094999082803726e+06
4.656094999082803726e+06
4.656094999082803726e+06
4.656094998663888313e+06
4.656094998663888313e+06
4.656094998663888313e+06
4.656094998266696930e+06
4.656094997898000292e+06
4.656094997593184933e+06
4.656094997341017239e+06
4.656094997341017239e+06
4.656094997341017239e+06
4.656094997341017239e+06
4.656094997341017239e+06
4.656094997341017239e+06
4.656094978217568249e+06
4.656094937488816679e+06
4.656094937488816679e+06
4.656094937488816679e+06
4.656094933938456699e+06
4.656094933938456699e+06
4.656094933938456699e+06
4.656094933938456699e+06
4.656094933938456699e+06
4.656094933938456699e+06
4.656094933211473748e+06
4.656094931735226884e+06
4.656094930210823193e+06
4.656094928894357756e+06
4.656094927819978446e+06
4.656094927819978446e+06
4.656094927379962057e+06
4.656094927330100909e+06
4.656094927157018334e+06
4.656094926970640197e+06
4.656094926970640197e+06
4.656094926908196881e+06
4.656094926908196881e+06
4.656094926908196881e+06
4.656094926908196881e+06
4.656094926749579608e+06
4.656094926727684215e+06
4.656094926666932181e+06
4.656094926666932181e+06
4.656094926666932181e+06
4.656094926666932181e+06
4.656094926666932181e+06
4.656094926666932181e+06
4.656094926658099517e+06
4.656094926658099517e+06
4.656094926658099517e+06
4.656094926638569683e+06
4.656094926638569683e+06
4.656094926596491598e+06
4.656094926550090313e+06
4.656094926550090313e+06
4.656094926550090313e+06
4.656094926550090313e+06
4.656094926550090313e+06
4.656094926550090313e+06
4.656094926546586677e+06
4.656094926531152800e+06
4.656094926531152800e+06
4.656094926528538577e+06
4.656094926528538577e+06
4.656094926528538577e+06
4.656094926528538577e+06
4.656094926528538577e+06
4.656094926528538577e+06
4.656094926519021392e+06
4.656094926519021392e+06
4.656094926518382505e+06
4.656094926517188549e+06
4.656094926505306736e+06
4.656094926505306736e+06
4.656094926505306736e+06
4.656094926505306736e+06
4.656094926504995674e+06
4.656094926504995674e+06
4.656094926504995674e+06
4.656094926501967013e+06
4.656094926501967013e+06
4.656094926501967013e+06
4.656094926501967013e+06
4.656094926501678303e+06
4.656094926501678303e+06
4.656094926501678303e+06
4.656094926501678303e+06
4.656094926501462236e+06
4.656094926501318812e+06
4.656094926501232199e+06
4.656094926501232199e+06
4.656094926501232199e+06
4.656094926501232199e+06
4.656094926501232199e+06
4.656094926501232199e+06
4.656094926501232199e+06
4.656094926501232199e+06
4.656094926501232199e+06
4.656094926501191221e+06
4.656094926501191221e+06
4.656094926501191221e+06
4.656094926501191221e+06
4.656094926501191221e+06
4.656094926501191221e+06
4.656094926501119509e+06
4.656094926501119509e+06
4.656094926501119509e+06
4.656094926501119509e+06
4.656094926500895992e+06
4.656094926500895992e+06
4.656094926500895992e+06
4.656094926500895992e+06
4.656094926500895992e+06
4.656094926500895992e+06
4.656094926500895992e+06
4.656094926500895992e+06
4.656094926500895992e+06
4.656094926500895992e+06
4.656094926500894129e+06
4.656094926500894129e+06
4.656094926500894129e+06
4.656094926500894129e+06
4.656094926500894129e+06
4.656094926500844769e+06
4.656094926500840113e+06
4.656094926500840113e+06
4.656094926500840113e+06
4.656094926500840113e+06
4.656094926500840113e+06
4.656094926500836387e+06
4.656094926500815898e+06
4.656094926500815898e+06
4.656094926500815898e+06
4.656094926500815898e+06
4.656094926500814967e+06
4.656094926500812173e+06
4.656094926500812173e+06
4.656094926500812173e+06
4.656094926500812173e+06
4.656094926500812173e+06
4.656094926500812173e+06
4.656094926500812173e+06
4.656094926500810310e+06
4.656094926500810310e+06
4.656094926500810310e+06
4.656094926500810310e+06
4.656094926500810310e+06
4.656094926500810310e+06
4.656094926500810310e+06
4.656094926500810310e+06
4.656094926500810310e+06
4.656094926500810310e+06
4.656094926500810310e+06
4.656094926500810310e+06
4.656094926500810310e+06
4.656094926500809379e+06
4.656094926500809379e+06
4.656094926500809379e+06
4.656094926500809379e+06
4.656094926500809379e+06
4.656094926500809379e+06
4.656094926500809379e+06
4.656094926500809379e+06
4.656094926500809379e+06
4.656094926500809379e+06
4.656094926500809379e+06
4.656094926500809379e+06
4.656094926500809379e+06
4.656094926500809379e+06
4.656094926500809379e+06
4.656094926500809379e+06
4.656094926500809379e+06
4.656094926500809379e+06
4.656094926500809379e+06
4.656094926500809379e+06
4.656094926500809379e+06
4.656094926500809379e+06
4.656094926500809379e+06
4.656094926500809379e+06
4.656094926500809379e+06
4.656094926500809379e+06
4.656094926500809379e+06
4.656094926500809379e+06
4.656094926500809379e+06
4.656094926500809379e+06
4.656094926500809379e+06
4.656094926500809379e+06
4.656094926500809379e+06
4.656094926500809379e+06
4.656094926500809379e+06
4.656094926500809379e+06
4.656094926500809379e+06
4.656094926500809379e+06
4.656094926500809379e+06
4.656094926500809379e+06
4.656094926500809379e+06
4.656094926500809379e+06
4.656094926500809379e+06
4.656094926500809379e+06
4.656094926500809379e+06
4.656094926500809379e+06
4.656094926500809379e+06
4.656094926500809379e+06
4.656094926500809379e+06
4.656094926500809379e+06
4.656094926500809379e+06
4.656094926500809379e+06
4.656094926500809379e+06
4.656094926500809379e+06
4.656094926500809379e+06
4.656094926500809379e+06
4.656094926500809379e+06
4.656094926500809379e+06
4.656094926500809379e+06
4.656094926500809379e+06
4.656094926500809379e+06
4.656094926500809379e+06
4.656094926500809379e+06
4.656094926500809379e+06
4.656094926500809379e+06
4.656094926500809379e+06
4.656094926500809379e+06
4.656094926500809379e+06
4.656094926500809379e+06
4.656094926500809379e+06
4.656094926500809379e+06
4.656094926500809379e+06
4.656094926500809379e+06
4.656094926500809379e+06
4.656094926500809379e+06
4.656094926500809379e+06
4.656094926500809379e+06
4.656094926500809379e+06
4.656094926500809379e+06
4.656094926500809379e+06
4.656094926500809379e+06
4.656094926500809379e+06
4.656094926500809379e+06
4.656094926500809379e+06
4.656094926500809379e+06
4.656094926500809379e+06
4.656094926500809379e+06
4.656094926500809379e+06
4.656094926500809379e+06
4.656094926500809379e+06
4.656094926500809379e+06
4.656094926500809379e+06
4.656094926500809379e+06
4.656094926500809379e+06
4.656094926500809379e+06
4.656094926500809379e+06
4.656094926500809379e+06
4.656094926500809379e+06
4.656094926500809379e+06
4.656094926500809379e+06
4.656094926500809379e+06
4.656094926500809379e+06
4.656094926500809379e+06
4.656094926500809379e+06
4.656094926500809379e+06
4.656094926500809379e+06
4.656094926500809379e+06
4.656094926500809379e+06
4.656094926500809379e+06
4.656094926500809379e+06
4.656094926500809379e+06
4.656094926500809379e+06
4.656094926500809379e+06
4.656094926500809379e+06
4.656094926500809379e+06
4.656094926500809379e+06
4.656094926500809379e+06
4.656094926500809379e+06
4.656094926500809379e+06
4.656094926500809379e+06
4.656094926500809379e+06
4.656094926500809379e+06
4.656094926500809379e+06
4.656094926500809379e+06
4.656094926500809379e+06
4.656094926500809379e+06
4.656094926500809379e+06
4.656094926500809379e+06
4.656094926500809379e+06
4.656094926500809379e+06
4.656094926500809379e+06
4.656094926500809379e+06
4.656094926500809379e+06
4.656094926500809379e+06
4.656094926500809379e+06
4.656094926500809379e+06
4.656094923681650311e+06
4.656094923681650311e+06
4.656094923681650311e+06
4.656094923681650311e+06
4.656094923681650311e+06
4.656094923595253378e+06
4.656094923320977017e+06
4.656094923251150176e+06
4.656094923240308650e+06
4.656094923240308650e+06
4.656094923240308650e+06
4.656094923240308650e+06
4.656094923240308650e+06
4.656094923240308650e+06
4.656094923240308650e+06
4.656094923240308650e+06
4.656094923240308650e+06
4.656094923240308650e+06
4.656094923240308650e+06
4.656094923240308650e+06
4.656094923240308650e+06
4.656094923238555901e+06
4.656094923238555901e+06
4.656094923238555901e+06
4.656094923238555901e+06
4.656094923238555901e+06
4.656094923238555901e+06
4.656094923236250877e+06
4.656094923234094866e+06
4.656094923234094866e+06
4.656094923234094866e+06
4.656094923234094866e+06
4.656094923234094866e+06
4.656094923234094866e+06
4.656094923234094866e+06
4.656094923234094866e+06
4.656094923234094866e+06
4.656094923234094866e+06
4.656094923234094866e+06
4.656094923234094866e+06
4.656094923233252950e+06
4.656094923233252950e+06
4.656094923233252950e+06
4.656094923233252950e+06
4.656094923233252950e+06
4.656094923233252950e+06
4.656094923233252950e+06
4.656094923233252950e+06
4.656094923233252950e+06
4.656094923233252950e+06
4.656094923233252950e+06
4.656094923233252950e+06
4.656094923233252950e+06
4.656094923233252950e+06
4.656094923233252950e+06
4.656094923233252950e+06
4.656094923233252950e+06
4.656094923233252950e+06
4.656094923233252950e+06
4.656094923233171925e+06
4.656094923233171925e+06
4.656094923233153298e+06
4.656094923233153298e+06
4.656094923233153298e+06
4.656094923233153298e+06
4.656094923233153298e+06
4.656094923233153298e+06
4.656094923233153298e+06
4.656094923233153298e+06
4.656094923233028501e+06
4.656094923233028501e+06
4.656094923233028501e+06
4.656094923233028501e+06
4.656094923233028501e+06
4.656094923232994042e+06
4.656094923232994042e+06
4.656094923232994042e+06
4.656094923232994042e+06
4.656094923232994042e+06
4.656094923232994042e+06
4.656094923232994042e+06
4.656094923232994042e+06
4.656094923232994042e+06
4.656094923232994042e+06
4.656094923232994042e+06
4.656094923232994042e+06
4.656094923232994042e+06
4.656094923232987523e+06
4.656094923232987523e+06
4.656094923232987523e+06
4.656094923232987523e+06
4.656094923232987523e+06
4.656094923232987523e+06
4.656094923232987523e+06
4.656094923232987523e+06
4.656094923232987523e+06
4.656094923232987523e+06
4.656094923232987523e+06
4.656094923232987523e+06
4.656094923232985660e+06
4.656094923232985660e+06
4.656094923232985660e+06
4.656094923232985660e+06
4.656094923232985660e+06
4.656094923232985660e+06
4.656094923232985660e+06
4.656094923232985660e+06
4.656094923232985660e+06
4.656094923232985660e+06
4.656094923232985660e+06
4.656094923232985660e+06
4.656094923232985660e+06
4.656094923232985660e+06
4.656094923232985660e+06
4.656094923232985660e+06
4.656094923232985660e+06
4.656094923232985660e+06
4.656094923232985660e+06
4.656094923232985660e+06
4.656094923232985660e+06
4.656094923232985660e+06
4.656094923232985660e+06
