4.651102845808294602e+06
4.649597161080181599e+06
4.648951819352284074e+06
4.648951819352284074e+06
4.648951819352284074e+06
4.648951819352284074e+06
4.648951266292724758e+06
4.648949638615027070e+06
4.648949638615027070e+06
4.648949177872007713e+06
4.648949177872007713e+06
4.648948139769144356e+06
4.648948139769144356e+06
4.648948139769144356e+06
4.648948139769144356e+06
4.648948139769144356e+06
4.647549206531322561e+06
4.647549206531322561e+06
4.647549206531322561e+06
4.647549206531322561e+06
4.646149297082336619e+06
4.646149297082336619e+06
4.646149297082336619e+06
4.646149103351797909e+06
4.646149103351797909e+06
4.646149103351797909e+06
4.646149103351797909e+06
4.646149103351797909e+06
4.644751534577798098e+06
4.644751534577798098e+06
4.644751534577798098e+06
4.644751534577798098e+06
4.644751534577798098e+06
4.644751534577798098e+06
4.644751114850545302e+06
4.644751015529806726e+06
4.644751015529806726e+06
4.644751015529806726e+06
4.644750944029752165e+06
4.644750944029752165e+06
4.644750944029752165e+06
4.644750936384251341e+06
4.644750894674964249e+06
4.644750817500829697e+06
4.644750817500829697e+06
4.644750817500829697e+06
4.644750573044827208e+06
4.644750573044827208e+06
4.644750573044827208e+06
4.644750573044827208e+06
4.644750573044827208e+06
4.644750573044827208e+06
4.644750573044827208e+06
4.644750528342852369e+06
4.644750528342852369e+06
4.644750492008663714e+06
4.644750492008663714e+06
4.644750492008663714e+06
4.644750492008663714e+06
4.644750481404593214e+06
4.644750466380884871e+06
4.644750465418441221e+06
4.644750465418441221e+06
4.644750463780561462e+06
4.644750462264407426e+06
4.644750460860025138e+06
4.644750459656819701e+06
4.644750458681561984e+06
4.644750457888214849e+06
4.644750457240836695e+06
4.644750454416057095e+06
4.644750451983390376e+06
4.644750449656222016e+06
4.644750449656222016e+06
4.644750449243256822e+06
4.644750436012672260e+06
4.644750436012672260e+06
4.644750436012672260e+06
4.644750436012672260e+06
4.644750384776573628e+06
4.644750384776573628e+06
4.644750384776573628e+06
4.644750384776573628e+06
4.644750384776573628e+06
4.644750381880657747e+06
4.644750381880657747e+06
4.644750381880657747e+06
4.644750381880657747e+06
4.644750381730596535e+06
4.644750381234875880e+06
4.644750380828051828e+06
4.644750380477693863e+06
4.644750380044844002e+06
4.644750379668181762e+06
4.644750379353727214e+06
4.644750379093503579e+06
4.644750378804714419e+06
4.644750378304041922e+06
4.644750377834821120e+06
4.644750377834821120e+06
4.644750377533525229e+06
4.644750376409060322e+06
4.644750376409060322e+06
4.644750376271430403e+06
4.644750375897252932e+06
4.644750375481072813e+06
4.644750375136898831e+06
4.644750374852097593e+06
4.644750374616308138e+06
4.644750374421013519e+06
4.644750374259201810e+06
4.644750374125092290e+06
4.644750374036265537e+06
4.644750373852793127e+06
4.644750373710130341e+06
4.644750373571055941e+06
4.644750373456109315e+06
4.644750366799736395e+06
4.644750366631286219e+06
4.644750366631286219e+06
4.644750366566900164e+06
4.644750366437340155e+06
4.644750366150150076e+06
4.644750366150150076e+06
4.644750366109067574e+06
4.644750366006006487e+06
4.644750365892891772e+06
4.644750365799110383e+06
4.644750365721344948e+06
4.644750365606836975e+06
4.644750365472555161e+06
4.644750365361345001e+06
4.644750365269210190e+06
4.644750365192854777e+06
4.644750365117108449e+06
4.644750364999551326e+06
4.644750364972058684e+06
4.644750364914270118e+06
4.644750364914270118e+06
4.644750364874359220e+06
4.644750364859981462e+06
4.644750364784572273e+06
4.644750364704718813e+06
4.644750364695478231e+06
4.644750364649381489e+06
4.644750364649381489e+06
4.644750364633366466e+06
4.644750364604868926e+06
4.644750364573141560e+06
4.644750364560779184e+06
4.644750364540049806e+06
4.644750364522596821e+06
4.644750364506766200e+06
4.644750364491404966e+06
4.644750364472735673e+06
4.644750364444449544e+06
4.644750364420987666e+06
4.644750364401523024e+06
4.644750364384211600e+06
4.644750364365987480e+06
4.644750364350866526e+06
4.644750364344503731e+06
4.644750364325815812e+06
4.644750364310310222e+06
4.644750364302655682e+06
4.644750364297997206e+06
4.644750364276207983e+06
4.644750364275775850e+06
4.644750364267181605e+06
4.644750364260050468e+06
4.644750364254131913e+06
4.644750364246707410e+06
4.644750364240449853e+06
4.644750364235256799e+06
4.644750364230947569e+06
4.644750364225847647e+06
4.644750364217335358e+06
4.644750364216841757e+06
4.644750364216841757e+06
4.644750364213059656e+06
4.644750364213041961e+06
4.644750364212520421e+06
4.644750364211681299e+06
4.644750364210201427e+06
4.644750364206312224e+06
4.644750364206312224e+06
4.644750364206312224e+06
4.644750364205628633e+06
4.644750364205364138e+06
4.644750364205364138e+06
4.644750364205364138e+06
4.644750364203846082e+06
4.644750364203846082e+06
4.644750364203846082e+06
4.644750364203348756e+06
4.644750364202211611e+06
4.644750364202211611e+06
4.644750364202028140e+06
4.644750364201453514e+06
4.644750364200976677e+06
4.644750364200580865e+06
4.644750364200253040e+06
4.644750364199246280e+06
4.644750364198406227e+06
4.644750364197708666e+06
4.644750364197130315e+06
4.644750364197130315e+06
4.644750364197130315e+06
4.644750364196663722e+06
4.644750364196588285e+06
4.644750364196144044e+06
4.644750364195775241e+06
4.644750364195469767e+06
4.644750364195215516e+06
4.644750364194829017e+06
4.644750364194228314e+06
4.644750364193730056e+06
4.644750364193315618e+06
4.644750364193315618e+06
4.644750364193010144e+06
4.644750364192770794e+06
4.644750364192374051e+06
4.644750364192053676e+06
4.644750364191714674e+06
4.644750364191547036e+06
4.644750364191262051e+06
4.644750364191262051e+06
4.644750364191259257e+06
4.644750364191075787e+06
4.644750364191075787e+06
4.644750364191075787e+06
4.644750364191075787e+06
4.644750364190908149e+06
4.644750364190836437e+06
4.644750364190739579e+06
4.644750364190658554e+06
4.644750364190585911e+06
4.644750364190499298e+06
4.644750364190427586e+06
4.644750364190327935e+06
4.644750364190235734e+06
4.644750364190159366e+06
4.644750364190095104e+06
4.644750364189997315e+06
4.644750364189913496e+06
4.644750364189838991e+06
4.644750364189727232e+06
4.644750364189626649e+06
4.644750364189542830e+06
4.644750364189466462e+06
4.644750364189348184e+06
4.644750364189222455e+06
4.644750364189222455e+06
4.644750364189146087e+06
4.644750364189146087e+06
4.644750364189091139e+06
4.644750364189024083e+06
4.644750364188999869e+06
4.644750364188963547e+06
4.644750364188931882e+06
4.644750364188907668e+06
4.644750364188885316e+06
4.644750364188864827e+06
4.644750364188838750e+06
4.644750364188838750e+06
4.644750364188838750e+06
4.644750364188818261e+06
4.644750364188799635e+06
4.644750364188784733e+06
4.644750364188765176e+06
4.644750364188743755e+06
4.644750364188725129e+06
4.644750364188710228e+06
4.644750364188697189e+06
4.644750364188683219e+06
4.644750364188659936e+06
4.644750364188640378e+06
4.644750364188622683e+06
4.644750364188602194e+06
4.644750364188581705e+06
4.644750364188563079e+06
4.644750364188548177e+06
4.644750364188547246e+06
4.644750364188529551e+06
4.644750364188529551e+06
4.644750364188520238e+06
4.644750364188514650e+06
4.644750364188511856e+06
4.644750364188509062e+06
4.644750364188501611e+06
4.644750364188494161e+06
4.644750364188488573e+06
4.644750364188482985e+06
4.644750364188478328e+06
4.644750364188474603e+06
4.644750364188471809e+06
4.644750364188467152e+06
4.644750364188460633e+06
4.644750364188455045e+06
4.644750364188451320e+06
4.644750364188447595e+06
4.644750364188442007e+06
4.644750364188437350e+06
4.644750364188432693e+06
4.644750364188427106e+06
4.644750364188419655e+06
4.644750364188412204e+06
4.644750364188406616e+06
4.644750364188401029e+06
4.644750364188396372e+06
4.644750364188392647e+06
4.644750364188387990e+06
4.644750364188382402e+06
4.644750364188376814e+06
4.644750364188372158e+06
4.644750364188367501e+06
4.644750364188365638e+06
4.644750364188361913e+06
4.644750364188358188e+06
4.644750364188354462e+06
4.644750364188350737e+06
4.644750364188347943e+06
4.644750364188346080e+06
4.644750364188343287e+06
4.644750364188341424e+06
4.644750364188338630e+06
4.644750364188335836e+06
4.644750364188333973e+06
4.644750364188332111e+06
4.644750364188330248e+06
4.644750364188328385e+06
4.644750364188325591e+06
4.644750364188323729e+06
4.644750364188322797e+06
4.644750364188320935e+06
4.644750364188320003e+06
4.644750364188319072e+06
4.644750364188317209e+06
4.644750364188315347e+06
4.644750364188315347e+06
4.644750364188313484e+06
4.644750364188313484e+06
4.644750364188312553e+06
4.644750364188311622e+06
4.644750364188311622e+06
4.644750364188311622e+06
4.644750364188311622e+06
4.644750364188311622e+06
4.644750364188311622e+06
4.644750364188309759e+06
4.644750364188309759e+06
4.644750364188309759e+06
4.644750364188309759e+06
4.644750364188309759e+06
4.644750364188309759e+06
4.644750364188309759e+06
4.644750364188309759e+06
4.644750364188309759e+06
4.644750364188309759e+06
4.644750364188309759e+06
4.644750364188309759e+06
4.644750364188309759e+06
4.644750364188309759e+06
4.644750364188309759e+06
4.644750364188309759e+06
4.644750364188309759e+06
4.644750364188309759e+06
4.644750364188309759e+06
4.644750364188309759e+06
4.644750364188309759e+06
4.644750364188309759e+06
4.644750364188309759e+06
4.644750364188309759e+06
4.644750364188309759e+06
4.644750364188309759e+06
4.644750364188309759e+06
4.644750364188309759e+06
4.644750364188309759e+06
4.644750364188309759e+06
4.644750364188309759e+06
4.644750364188309759e+06
4.644750364188309759e+06
4.644750364188309759e+06
4.644750364188309759e+06
4.644750364188309759e+06
4.644750364188309759e+06
4.644750364188309759e+06
4.644750364188309759e+06
4.644750364188309759e+06
4.644750364188309759e+06
4.644750364188309759e+06
4.644750364188309759e+06
4.644750364188309759e+06
4.644750364188309759e+06
4.644750364188309759e+06
4.644750364188309759e+06
4.644750364188309759e+06
4.644750364188309759e+06
4.644750364188309759e+06
4.644750364188309759e+06
4.644750364188309759e+06
4.644750364188309759e+06
4.644750364188309759e+06
4.644750364188309759e+06
4.644750364188309759e+06
4.644750364188309759e+06
4.644750364188309759e+06
4.644750364188309759e+06
4.644750364188309759e+06
4.644750364188309759e+06
4.644750364188309759e+06
4.644750364188309759e+06
4.644750364188309759e+06
4.644750364188309759e+06
4.644750364188309759e+06
4.644750364188309759e+06
4.644750364188309759e+06
4.644750364188309759e+06
4.644750364188309759e+06
4.644750364188309759e+06
4.644750364188309759e+06
4.644750364188309759e+06
4.644750364188309759e+06
4.644750364188309759e+06
4.644750364188309759e+06
4.644750364188309759e+06
4.644750364188309759e+06
4.644750364188309759e+06
4.644750364188309759e+06
4.644750364188309759e+06
4.644750364188309759e+06
4.644750364188309759e+06
4.644750364188309759e+06
4.644750364188309759e+06
4.644750364188309759e+06
4.644750364188309759e+06
4.644750364188309759e+06
4.644750364188309759e+06
4.644750364188309759e+06
4.644750364188309759e+06
4.644750364188309759e+06
4.644750364188309759e+06
4.644750364188309759e+06
4.644750364188309759e+06
4.644750364188309759e+06
4.644750364188309759e+06
4.644750364188309759e+06
4.644750364188309759e+06
4.644750364188309759e+06
4.644750364188309759e+06
4.644750364188309759e+06
4.644750364188309759e+06
4.644750364188309759e+06
4.644750364188309759e+06
4.644750364188309759e+06
4.644750364188309759e+06
4.644750364188309759e+06
4.644750364188309759e+06
4.644750364188309759e+06
4.644750364188309759e+06
4.644750364188309759e+06
4.644750364188309759e+06
4.644750364188309759e+06
4.644750364188309759e+06
4.644750364188309759e+06
4.644750364188309759e+06
4.644750364188309759e+06
4.644750364188309759e+06
4.644750364188309759e+06
4.644750364188309759e+06
4.644750364188309759e+06
4.644750364188309759e+06
4.644750364188309759e+06
4.644750364188309759e+06
4.644750364188309759e+06
4.644750364188309759e+06
4.644750364188309759e+06
4.644750364188309759e+06
4.644750364188309759e+06
4.644750364188309759e+06
4.644750364188309759e+06
4.644750364188309759e+06
4.644750364188309759e+06
4.644750364188309759e+06
4.644750364188309759e+06
4.644750364188309759e+06
4.644750364188309759e+06
4.644750364188309759e+06
4.644750364188309759e+06
4.644750364188309759e+06
4.644750364188309759e+06
4.644750364188309759e+06
4.644750364188309759e+06
4.644750364188309759e+06
4.644750364188309759e+06
4.644750364188309759e+06
4.644750364188309759e+06
4.644750364188309759e+06
4.644750364188309759e+06
4.644750364188309759e+06
