2.438914459769048904e+01 5.561163384603487003e+01
2.684032625425058427e+02 -2.686995376812998937e-01
2.702115498444750301e+02 7.928310112633297102e+00
2.643083103477466693e+02 1.835975762077247353e+01
2.286331278404407783e+02 2.695772823966875897e+00
3.416689894886832946e+01 5.976775837735939945e+01
1.428053311622986712e+02 8.211246571692140606e+01
2.710378043215889647e+02 1.724945597004359144e+01
2.376203940718922070e+02 1.292690830216458835e+02
2.471711559472993542e+02 5.327049154694395661e+00
2.922717484579376190e+01 4.828662248959938808e+01
2.777110131553781116e+02 4.925559341706765792e+00
2.508971670762074666e+02 -4.567692751622678848e+00
2.926985408095209706e+01 3.336192410864421021e+01
2.279755084863899413e+02 2.477901584606928864e+01
1.800523504932079391e+02 1.894249899564266215e+01
2.760675099392688594e+02 2.003348340331822186e+01
2.523611749703283920e+02 1.922883860629261221e+01
2.752533211092005558e+02 3.497875836846485953e+01
2.744123406090429285e+02 1.619654962708467139e+01
2.769295834489952313e+02 1.673837852696473405e+01
2.431086259507649743e+02 4.270504200140277540e+00
2.612975475232616986e+02 4.908163003988343931e+00
2.596332155832365629e+02 4.664593803664853056e+01
2.149641661937486958e+01 2.242750997616500541e+01
9.954154168499131572e+01 4.534707567178184462e+01
2.590668327739762162e+02 1.672950578173549019e+01
2.591418225041214214e+02 5.869715665261183091e+01
1.694462561474293238e+02 6.071745253691273270e+00
2.726193859132392845e+02 -4.401244470642888817e-01
1.913576269962826473e+02 4.579527759391363873e+01
1.944445455008007855e+02 2.332095512420151451e+01
2.800165878851119032e+02 3.815132069751670940e+01
1.673009138218053593e+01 3.707646790108385915e+01
1.634174002560457382e+02 1.276096729042294520e+01
2.481040121200648798e+02 5.360082387015254746e+00
4.252079395864659261e+01 4.338767455311423049e+01
2.600197048612314461e+02 -1.605409414818049552e+00
1.916103833600471660e+02 8.709415462742120440e+01
2.268234836321416878e+02 -2.618491922286117823e+00
1.848159546384653993e+02 2.051099392939200428e+01
2.462029839985635533e+02 1.281942197182028309e+01
2.432238013906616061e+02 1.141566237139095275e-02
2.722385065779319007e+02 2.198786918109239963e+01
1.564297063718529479e+01 4.438107757286289967e+01
2.067439046428697509e+02 9.891658722597941278e+01
2.452491264989512842e+02 -4.747274061161645520e+00
1.994791889195731187e+02 3.350362415321772147e+01
2.543207278074420401e+02 1.622103617335519665e+00
1.552946587255913435e+01 1.152180558961166668e+02
4.783298689262496239e+00 1.590880349896926305e+01
2.701133732794002071e+02 -2.804694488595537827e+00
1.838157583901287850e+01 3.616709192577989285e+01
1.774208935605020940e+02 8.423695048125066975e+00
2.584055843440872309e+02 4.564871221139140545e+01
2.641615297908480215e+02 1.649902144835503748e+01
2.596556328883436322e+02 5.863621702026835436e+01
1.238653031083466693e+01 1.584397527423283414e+01
2.717527957184462366e+02 1.257837133320233214e+01
2.762730031159919122e+02 2.015941163914628476e+01
2.806730648694873480e+02 2.566905721495430370e+01
1.815431815803524884e+01 3.534895924203184592e+01
1.409700445271651859e+02 1.630097318558292230e+01
2.365859226409313294e+02 2.817348631632341505e+00
2.489578901420732393e+02 3.611905201719038505e+00
2.675819735962956543e+02 -7.502308077224851823e-01
2.721978239772175812e+02 1.811887758837769979e+01
2.039543135204024225e+02 3.555137142696118246e+01
3.520600433324502632e+01 4.004601790863759447e+01
2.714947729318945449e+02 1.296119350882412036e+01
2.616559863297111974e+02 1.856451236941547345e+00
2.751774609825770312e+02 2.691906718552111499e+01
2.858516651614437265e+01 2.532571014508212670e+01
2.544578888911667889e+02 4.770552095306483942e+00
2.105320424066275109e+02 9.914251308203499491e+01
2.694734886768274578e+02 9.732751163686783613e+00
2.482388799360122391e+02 4.206960991815219764e+00
3.835895802135216570e+01 4.211497558666738428e+01
1.404217004642365119e+01 3.205216895155822243e+01
1.634140246535312428e+02 3.798673360739943661e+01
1.516637892873567672e+01 2.771543907060230438e+01
1.934144834547901226e+01 3.789245826457852928e+01
2.587932870980727103e+02 1.842019366244198508e+01
4.443096820265703073e+00 3.494410799775739918e+01
3.007915760797029492e+01 3.166697164660865482e+01
2.384085713558586761e+01 3.559992726581418765e+01
2.669726381322890916e+02 1.674438325127330884e+01
2.497313322413044645e+01 5.353215027099018641e+01
2.692992883684486287e+02 9.605886135402295523e+00
2.605503921691724258e+02 2.440665891533799936e+01
1.474813234679031027e+00 3.460435751484921241e+01
2.477899133920688968e+01 1.590914711785766755e+01
2.459470443295634112e+01 3.749468731675517574e+01
2.584374699834285138e+02 7.654712766078309194e+00
2.248412286171512733e+02 9.960182685309190731e+01
2.644133740665889150e+02 1.296766986475025085e+01
3.246893877311669030e+01 3.988940307025793430e+01
2.543613463344415493e+01 4.191683180077789928e+01
1.266345426265180407e+01 2.681330790022214217e+01
2.627127352040770916e+02 -1.693630326978981193e+00
2.790988507891118502e+02 1.204583151459311097e+02
2.340019534658383975e+02 5.193562403882433642e+01
2.636078642245688570e+02 6.232955542910531221e+00
2.417895357810596124e+02 6.054744649701746084e+01
2.611734367769390133e+02 -3.437759967485899182e+00
2.443901363102940039e+01 3.867793858520980876e+01
1.587128575887366253e+02 1.806893745140909857e+01
2.443492390200377997e+02 4.581846147884168374e+01
2.722423116131409415e+02 1.736369512537986637e+01
1.159766401538460912e+01 5.518189831088682240e+01
2.626111545435332673e+01 1.636852305739956037e+01
2.471002702850008177e+02 5.360380635759847223e+01
1.745420385341599854e+02 1.278417511071140034e+01
2.586171734519631968e+02 1.477653802495115620e+01
1.490319992606136168e+02 7.377727848382288300e+01
7.476678312151941341e+00 4.540676087593640631e+01
2.854404163415636475e+01 4.318105050241420173e+01
2.674385330335092021e+02 1.283629225208462188e+01
2.790795007632802367e+02 1.762460717390730025e+01
2.486605054094481204e+02 -2.974183883029609010e+00
2.712658479047518085e+02 1.460446476428342777e+01
2.611234139790946074e+02 1.090020182682708061e+01
2.617380072256966628e+02 1.573245270136312080e+01
2.480759580102940447e+02 8.629465823074285780e+00
2.616094879273144329e+02 6.830716301012979663e+00
2.473614426875266190e+02 -3.208643160213945134e+00
1.491164087558565399e+01 4.406566622972884772e+01
2.674497922315845813e+02 -4.179531215419062806e-01
1.468023981956836508e+02 9.172435999262522444e+01
2.477738167310669581e+01 4.781405798602411039e+01
2.541693408890824060e+02 1.542071404951710001e+01
2.480222817222694118e+02 4.827617570351697474e+00
2.398812641112024835e+02 2.201819499346175490e+01
1.865728821657655701e+01 3.845911927733244795e+01
2.453173705177091790e+02 2.266050824991681534e+00
2.490291482011179198e+02 1.543923740546925139e+01
2.529415870787813603e+01 1.248994588113484205e+01
2.566669644065125340e+02 1.241171626502924319e+01
2.689609932784466650e+02 5.822205664559335858e+00
2.685793009014203108e+02 4.631374083465772395e-02
2.616054730516622158e+02 4.608801202165609290e+00
1.767693075185175076e+02 -3.073528539358094669e-01
1.257452427818637659e+02 1.012934720785685130e+02
2.555167373535454374e+02 1.025905053173768238e+02
2.594218567492235934e+02 1.731940207445216018e+01
2.433115976225422230e+02 -2.271861999803694410e+00
1.681606454776980542e+01 3.430471534761066010e+01
2.488128980868739575e+02 1.174766116380217440e+01
2.611256004539229707e+02 6.748296407945904463e+00
2.799822530963610347e+02 1.393760348883407829e+01
2.579421107044045129e+02 4.900723322410527771e+00
-1.746995409285996281e+00 1.453749386051502768e+01
2.653475658991912383e+02 1.599087161820790293e+01
1.801691901024686331e+02 3.202784231670754167e+01
3.732772930196662031e+01 4.055542678310539628e+01
1.121601040717587949e+01 1.796244611199107055e+01
2.551521251559224481e+02 -1.320469674266843363e+00
2.536787245264742978e+02 6.333024105831961847e+00
2.544603848937615567e+02 -1.665105950109958544e+00
2.459456140397294917e+02 1.334817536594440490e+01
1.092842434307899069e+01 3.497615921829976315e+01
2.398569984697074631e+02 4.881930901727398719e+01
1.131651237730404702e+01 2.497773644767058343e+01
2.635387962508481792e+02 1.840580053438395680e+01
2.576858961913394523e+02 6.816161925294991875e+00
2.125221089214695667e+02 1.075628833537589770e+02
2.449319446647671441e+02 5.029583539111511925e+01
2.530785553829120715e+02 -6.435840111191069468e+00
2.652404376019317738e+02 1.120662847849963661e+01
2.424386249841296888e+02 4.635346089626008848e+01
1.826067541511015691e+01 5.248879721667276499e+01
2.686395270643221238e+02 1.437278192441000257e+01
3.852622029524226122e+01 4.454912815102393608e+01
2.030038141012244353e+02 1.807808155912568537e+01
2.589332717317411721e+02 1.465523876932617675e+01
2.691940694264222316e+02 1.772583001761312715e+01
2.729017787994937407e+02 1.083089602865294054e+01
1.586335863596203808e+02 1.700648991855701908e+01
6.839560267788446168e+00 2.420193983696714923e+01
2.595710250896117941e+02 1.071510106443602339e+01
2.827653246689467323e+02 1.117149169687924548e+01
2.751933400386591870e+02 1.695005188489745507e+01
2.530851084466672489e+02 1.692997899515224225e-01
2.533538933528325572e+02 1.441708627624398709e+01
3.084299002631898290e+01 6.316585303916067318e+01
3.368578993299191637e+01 4.177007800593879949e+01
2.591701308176190537e+02 1.432755215429894413e+01
2.648211193649158304e+02 1.928593056043934695e+01
2.752375564778338344e+02 1.896610604562792446e+01
2.497360885703723170e+02 4.756860632240728393e+01
3.818292041608309972e+01 6.110048428621263383e+01
2.622737820739736136e+01 1.139648755857579516e+02
2.710725697922516133e+02 1.131639831214370773e+01
3.553032870265178644e+01 4.752311202484419539e+01
8.602740738117113040e+00 5.352444861345338012e+01
2.510053851023042739e+02 1.543444285708451602e+00
2.518481693098216567e+01 1.198616478604270554e+02
1.512679797129249550e+02 8.875331019005135147e+01
1.792136643653789463e+02 1.894112568729360646e+01
2.604480292381785489e+02 1.284856549266963910e+01
8.591464096925091098e+01 4.683258042422107081e+01
2.769968014442086996e+02 3.123464485805905255e+01
2.517714229208922632e+02 2.734734683506037545e+00
2.494956939734206287e+02 3.282115744177384720e+00
1.751438887722274274e+02 2.268203787686577755e+01
2.586862553660420758e+02 -3.639446181113654699e+00
2.318751863150473014e+02 3.961419060426199223e+01
2.559872803837162394e+02 3.560467685804290738e+01
2.575072799684013489e+02 1.281848969972907426e+01
2.839364472742404928e+02 1.803790363332314328e+01
2.747092092160045809e+02 1.675935253281869919e+01
1.605495337383297567e+02 3.831325420282746563e+01
1.224134260850905775e+02 4.388114880810136498e+01
1.820086094259175979e+01 6.014854894625578652e+01
2.182419621054768299e+01 1.374386460560051759e+01
2.713541950915468419e+02 1.900825973246983835e+01
2.812359391011011667e+02 2.223254192473641755e+00
2.639917107357381383e+02 7.733660109765370549e+00
1.811417195632382402e+02 2.930628240707611809e+01
3.092629394180181279e+01 3.840740736009097134e+01
2.784737438566721721e+02 1.163608084414325106e+02
2.459898266552382324e+02 6.725192261206064614e+00
2.669747697411141303e+02 8.848554092653486691e+00
1.971890757384159656e+02 1.027240668278370777e+02
1.568039707077084799e+01 3.984018751620456555e+01
1.466581683769355315e+01 1.147681237612126495e+02
1.930702219329676836e+02 2.508273981546551568e+01
2.689667684477557685e+01 4.037975113539608429e+01
2.557389120115741434e+02 -4.220924710932779433e+00
2.648186495048872189e+02 2.715956389872211574e+01
3.561260786281521007e+01 2.082868914710689623e+01
3.938614617950373820e+00 1.840394672305081514e+01
1.863744521959386020e+02 1.968762444466234740e+01
2.645586294477079718e+02 2.465498194800513332e+01
3.264085565890616181e+01 6.303036228010176245e+01
2.090216039918736968e+01 6.344682696960365575e+01
2.643009389301880674e+02 1.575083287310229352e+01
2.526155951140491993e+02 1.183902136871233068e+01
8.468564954563462255e-01 3.706484469368930945e+01
4.310845733190223683e+01 4.951935989334759824e+01
2.688959412162340641e+02 1.682320659342719438e+01
1.593135736952568315e+01 4.080230002640696796e+01
2.770286230020776088e+02 2.062176015911110483e+01
2.776010630660452421e+02 3.994365384120121831e+01
2.294203137933148184e+02 9.819071406719407946e+01
2.443542215112477152e+02 3.755652433127417034e+00
2.408660601977035469e+02 5.496668252873605809e+01
1.631056711443726499e+02 6.880074669203499305e+00
1.597303749993883173e+02 2.417434561440173013e+01
2.609579513553482002e+02 2.775737667703519662e+01
2.513820567408032787e+02 4.997915968310688406e+00
2.300142988534655686e+01 2.343359708435443878e+01
5.780936212808668984e+00 4.470882784448720315e+01
2.511118178283803104e+02 8.787551446908921093e+00
2.648960649770828581e+02 2.059565774694201323e+01
2.592759879107737220e+02 -8.170725883179164484e+00
2.112307376651201309e+02 4.198294365699557318e+01
2.065990998652347059e+02 3.119964877485244514e+01
2.732056914335654483e+02 2.451036302525979593e+01
3.111135491503320250e+00 2.201619914903067610e+01
1.510008319230234264e+01 5.075974702449906317e+01
2.736945283405377793e+01 2.936725754054434745e+01
2.077152541028603849e+01 4.520711437246237807e+01
2.714598112098730098e+02 1.832262711790118814e+01
2.587393345786322811e+02 2.018158679843994996e+00
2.413297745044202713e+02 4.611360468101688781e+01
1.935690618594966850e+02 2.887639551866291399e+01
1.240015110920677301e+02 4.294944299544322774e+01
2.689215651037180237e+02 1.608350846060183770e+01
2.637657932463718566e+02 1.618008260250611841e+01
2.501926632152581078e+02 4.345401681072469557e+01
1.968701921034585922e+01 3.004008235370098134e+01
2.579289358861579444e+02 6.817168401963696667e+00
3.427190248249692672e+01 4.474008499563540653e+01
3.939301329015495412e+01 3.986547698845906496e+01
2.526246441040461264e+02 2.896542727328892397e+00
2.690020712041556195e+01 1.693973811253069783e+01
2.612222871486327449e+02 5.601932741343095756e+01
2.608595210340612311e+02 1.006880556907668556e+01
1.498114217381365449e+02 2.384926088300414548e+01
2.985109036091956725e+01 3.804604195373917719e+01
1.529949154024812401e+02 1.433538366226422767e+01
2.590968520609361576e+02 3.365097622452927206e-01
2.745270164225968301e+02 1.813761107615410140e+01
2.717277751265282859e+02 1.176611217277032750e+01
2.709936444252542742e+02 9.565148924363002791e+00
2.778975008979845143e+02 1.054251045903950157e+01
2.359195711994682085e+02 3.261860919794789737e+01
2.792122652705083965e+02 1.566699495929391439e+01
1.690649461162555838e+02 7.032613392123866269e+00
-8.892979276587635873e-01 5.707794762241977082e+01
1.791122381622344051e+02 7.717733664821149198e+00
2.073429613004767020e+02 3.676884731681866469e+01
2.455074103034697544e+02 6.246769841921166488e+01
2.650384822335028616e+02 6.917666466498892497e+00
2.736612891336906728e+02 2.042450998451394284e+01
1.043214361657754097e+02 5.099618393129339466e+01
1.859329860835487409e+02 2.968620299048386357e+01
1.585696907259124657e+02 8.450487580185042091e+00
1.451988548460966300e+01 5.930178796060958746e+01
2.441952372733613572e+02 5.680471982283471988e+01
2.626811385920760813e+02 7.732401285008744019e+00
2.831710375166511540e+02 3.725825050475744860e+01
1.925546378903826508e+02 4.041985044584561138e+01
2.016742782244650698e+02 1.417276691229256436e+01
2.613491173138536396e+02 6.052477202839921411e+00
2.695822991663979451e+02 2.425671253573956676e+01
2.477740016639436078e+02 6.618069080308216279e+00
2.657369849756559574e+02 1.045450087089343043e+02
1.938251419810749780e+02 1.138758813463954489e+01
2.526673777845203404e+02 4.313589646895621144e+01
2.587581456684141017e+02 2.554657279074543208e+00
3.068685858425208224e+01 1.530064782607445117e+01
4.965294187398280101e+00 3.216684055590786784e+01
1.599701283220107939e+01 5.432941978090006074e+01
2.668445176341982119e+02 2.005576133675816219e+00
2.632380884190075676e+02 5.783169337661585807e+00
1.596449627168207144e+02 2.049394173119946316e+01
2.157228084706580660e+02 1.766985201310070508e+01
1.419359372828485846e+02 4.817169032938571149e+01
2.166559891543796468e+01 4.627022216254088249e+01
2.906952182697563458e+01 5.285030683959364239e+01
2.547891329776826410e+02 9.176112957732197373e+00
1.272938783752730245e+02 1.384110525413649029e+01
1.909484864509781801e+02 2.516900518183809865e+01
2.658428843852566388e+02 1.497562337611329752e+01
1.952263497198579500e+02 1.757744241369283245e+01
9.776600662791826934e+00 5.830793171095004368e+01
1.663294070535910052e+01 5.436320503164708384e+01
2.325772136191279671e+01 5.152716853570110089e+01
1.958632272960760474e+02 1.979284712215834219e+01
2.596630120499979739e+02 5.359395255378090361e+00
2.741865039412976444e+02 1.957368126514250406e+01
2.540485927468537852e+02 2.296360237079152711e+00
1.860420303790348839e+02 3.675539608228294242e+01
2.114207523377618827e+02 9.834769941742560206e+01
2.337853265925332948e+02 6.162676457172161548e+01
2.648351527574402553e+02 1.141868612443890640e+01
3.654063382888224965e+01 5.326182352850703694e+01
2.256286877038275520e+02 1.090722650636575253e+02
2.719185505013150532e+02 8.728941420839338994e-01
2.585685875648673573e+02 6.516948990630915262e+01
2.712185105526692652e+01 5.541285814203327220e+01
2.444355558020479791e+01 5.373537194298621245e+01
2.716359947808085167e+02 8.383764823197960681e+00
1.792831057499547498e+01 4.882495679814309852e+01
1.618987946811245990e+02 1.841143112103490509e+01
1.509021899613589923e+01 2.151609127508738695e+01
1.643180750514963222e+02 1.734360075958327485e+01
2.609807355003824796e+02 -3.275144537185871840e+00
1.546564119840430749e+02 1.380044932418648784e+01
2.356522694311746946e+01 3.999154650890395857e+01
2.483714911967108492e+02 9.685608652535901975e-01
1.572995772250942821e+02 9.993196170881155638e+00
2.628076036397754365e+02 2.976688996828261935e+00
2.537226834891200156e+02 6.411821685946838656e+00
2.802749218882985360e+02 3.266976115055437724e+00
1.745076122550222308e+01 4.208064128244239299e+01
2.980067783401873172e+01 5.036995584025751782e+01
2.602028143552127517e+02 9.756182744266856943e+00
2.586901048021253473e+02 1.579116662008345351e+01
2.217608251359731355e+02 1.101629424927304939e+02
8.385274728981881864e-01 4.734426385916019342e+01
2.532109566542558525e+02 1.228482590138078763e+02
2.672201404142988963e+02 1.968669367748383081e+01
2.641117113416403299e+02 7.276452844256950492e+00
2.794972182618221623e+01 3.608129626020051006e+01
2.466686985408661883e+02 4.658183421655913037e+01
2.721784887713288299e+02 2.112247371485153025e+01
1.738447152133733908e+01 4.194402824922426021e+01
2.382206125446494411e+02 4.474487287943365743e+01
2.635517809047763080e+02 -2.282598459938887103e+00
2.652571537770311849e+01 5.366390845066196391e+01
2.699596586474992819e+02 2.145274660676607681e+01
1.632923417049427144e+02 1.899120951725992157e+01
2.676632762520930555e+02 4.325068907423700315e-01
2.765553913174940703e+02 1.988842615293125249e+01
1.454363252368407871e+02 5.263277644254655740e+01
1.798846830818315539e+02 1.544149071237242055e+01
2.675658753282929183e+02 1.147388918934143298e+01
2.760565879775549547e+02 1.824136093430507444e+01
2.136627441054540100e+02 3.592123283908785680e+01
2.280797886779424744e+02 4.171923795926468159e+01
2.334247274662437235e+02 1.031426232737358228e+00
2.706346257137472833e+01 3.796414503401410201e+01
4.364703806165098343e-01 3.708546632781863650e+01
1.654308429448184725e+01 1.167241234340380451e+01
4.259075016399148694e+01 5.125678971388963134e+01
2.568096400852406305e+02 -1.531684365671308889e-01
2.949619928195385299e+01 4.121445430258087583e+01
2.599300922256794024e+02 -5.186745861622501508e+00
2.353483713767513450e+02 5.043346738903424864e+01
2.627775292748682432e+02 2.164622973884220158e+01
4.078144072506584905e+01 5.573398153081426898e+01
1.657015092068531104e+01 3.605628558923431370e+01
2.067516645224630167e+01 6.202854730297237751e+01
2.608585189101956985e+02 5.501019093269578164e+00
1.959624184510233249e+02 2.095632367887946401e+01
2.585446711888872429e+01 3.931617239081331405e+01
2.578716279512605638e+02 5.431598545537480227e+00
1.607948454108872056e+02 4.093367687083323148e+01
2.496910501739078825e+02 6.239667306718414075e+00
2.774994004048202783e+02 2.821859360978053033e+01
3.348118034954322475e+00 3.309188229756579602e+01
2.590835285049103049e+02 3.566069818059600749e+01
2.662857874113250887e+02 2.124783019166193654e+01
2.653953916862488427e+02 1.237489149481742956e+01
2.600167311546441056e+02 -2.312552635528426936e+00
2.720920235979241966e+02 1.341499695732485797e+01
2.709723119115742520e+02 6.648721861665761956e+00
1.589600608836179951e+01 3.912772696535329686e+01
1.700227538468682553e+01 1.226653775466627820e+02
2.806508499030632038e+02 1.775421187234275067e+01
2.527768687953522715e+02 5.798874329760125335e+01
2.368657860691491379e+01 5.892315350694676113e+01
1.653490127330193786e+02 2.653099237620972062e+01
1.835725528963887996e+02 4.170084229471365589e+00
2.394621382657736035e+02 4.865733702615691669e+01
2.522569202238811954e+02 -4.095575119423690680e+00
2.397934267830951001e+02 5.006844556962319359e+01
2.749757943377679794e+02 1.412894097987870268e+01
3.353588731965929526e+01 5.427247868967672417e+01
2.652848568642027089e+02 1.048752665423278074e+02
2.262221791111263371e+02 2.715140168596512638e+01
1.362757122018335849e+02 1.045330762619439184e+02
1.436985289718686545e+02 2.906634241953463871e+01
1.723962511757850180e+01 6.094794885598706458e+01
2.351836491738941390e+02 4.517597450383615154e+01
2.586447342026967249e+02 1.507435026805394429e+01
1.396225681569340971e+01 5.746907521881038150e+01
2.028143884614336798e+02 3.811531971728731349e+01
2.147628125871268594e+02 4.233878777313445596e+01
2.781288078525284391e+02 1.198782327638040712e+01
2.432742083687123511e+02 6.336002453132730494e+01
2.642610875743594079e+02 1.598419201271883061e+01
1.800308822610210768e+02 3.499165492146956780e+01
2.769044399313970075e+02 3.255430523157160394e+01
2.728305451817471976e+02 1.029369150332318306e+01
2.782488806371153345e+01 9.819343103658759730e+00
2.643376466886181220e+02 1.267625291526856479e+01
2.654678148673802980e+02 5.732230873272196270e+00
1.594549614847600481e+02 1.780970118231761390e+01
2.696394109264790586e+02 2.076971451748962494e+01
2.597686970444918302e+02 4.867460499503775573e+00
2.640049174324795445e+02 -5.921471129079227680e+00
3.147461087363812737e+01 4.159218812589537606e+01
2.555454849036598262e+02 6.174606381605114791e+01
2.054437473661498643e+02 3.336358902834881235e+01
2.415901611925750103e+02 5.445205742862420806e+01
2.471212652527116660e+01 2.368347828828111190e+01
2.258661083698513039e+02 1.047294957293469082e+02
2.545828775844707934e+02 1.395478802417501818e+01
2.774808475940570247e+02 1.998890710954621852e+01
1.695362729368212058e+02 2.341877844611025239e+01
2.722314614346737471e+02 1.768081966062500499e+01
2.696649390443428160e+02 1.487119713040435620e+01
2.621284242869912759e+02 3.660676088362098568e+00
2.484152397793455407e+02 1.204751244135833232e+01
2.270126707267789925e+02 9.589607598997512694e-01
2.686834036759454989e+02 5.463964596757937997e+00
2.325592146178685837e+01 4.762378843780338400e+01
4.232763635385965983e+01 4.776668506432827854e+01
2.597568142197865768e+02 3.096388448260376336e+01
1.546647188693391506e+01 3.635026840014571547e+01
3.565679651740772726e+00 3.896813371864338649e+01
2.600203541607914417e+02 1.062452605934085881e+01
2.655752926504654852e+02 8.088000167682444896e+00
2.517470131411497789e+02 3.964896604650726175e+01
2.572452045721252603e+02 1.940777198012604288e+01
2.623483955343382377e+02 -4.510080624190286436e+00
2.836878652345087204e+01 4.651989164583569902e+01
2.943822437836045935e+01 3.448542349496987214e+01
2.459511358915449648e+02 4.452486791571935498e+01
2.733708750804207739e+02 1.583515533719482171e+01
1.401572676553871872e+02 6.572025713449748707e+01
2.681964259329448055e+02 3.426955725898859217e+00
2.715234464209739826e+02 6.674248160700765098e+00
2.770899265763324024e+02 1.517539850733530926e+01
2.485311115265247679e+02 5.905826117278373033e+00
2.803619311684071818e+02 2.753752129123565950e+01
2.015796391827960008e+02 2.026540075791514539e+01
2.602181257109376133e+02 4.879634205010837888e+01
2.375022610670288543e+02 4.821552203555965832e+01
2.386006976277868219e+01 4.794602959543259146e+01
2.718917554836337445e+02 8.953973865757633988e+00
1.454864351811258416e+02 2.528790385754700765e+01
2.177129422326656538e+02 1.622417997683269775e+01
1.875091224843388602e+02 3.862511413778916136e+01
2.586478993494823158e+02 1.553136761973606639e+01
2.732584558213668515e+02 2.065665363949121769e+01
2.556367313609181622e+02 3.493488251573384940e+00
1.719287582468341498e+02 5.620022188890995807e+00
2.416383020409569724e+02 6.535468086037650437e+01
2.751976295591370558e+02 1.680430128394111478e+01
1.806321826632817462e+01 1.047295320280372799e+01
2.626272447748262948e+02 3.388098645340532755e+01
2.850923237929965239e+02 3.576371539470181204e+01
1.850275548116560174e+02 6.813351426878170081e+00
2.533274680114430168e+02 1.416538628895736629e+01
1.893201033594692433e+02 1.986024053660984734e+01
2.440937904467592645e+01 3.254010458388407301e+01
2.667191179706628645e+02 3.951954678131086585e+00
2.433494258687475451e+02 6.263057104778186002e+00
2.591658967002781537e+02 3.187189093090485592e+00
2.027923903750877628e+02 1.934884713798477662e+01
2.776595209355604084e+02 6.837660605305630135e+00
2.750764662275149135e+02 2.037399138303674562e+01
2.548717115828020781e+02 4.327065830955322490e+00
1.449145326944329071e+01 4.966496673029319453e+01
2.732954836213260137e+02 2.424091977573208467e+01
2.762632971735951628e+02 1.701783898107320425e+01
1.597063863121657050e+02 1.952106934547380490e+01
2.577916571117919489e+02 8.567599231030325058e+00
4.694543386233098659e+01 4.650927993180010134e+01
2.651279678313525210e+02 1.485734527110976799e+01
1.769128608049539366e+02 2.055827919907189738e+01
2.558730885005627727e+02 7.401098441761374325e+00
3.385963306316222798e+01 2.177860122144357646e+01
1.896436622653705513e+02 4.794558746522082515e+01
1.215574599957984248e+01 5.769334976649002300e+01
2.668918011903569436e+02 7.817866147510151853e-01
2.437353251764346567e+02 5.343881353911748988e+01
2.726602438138754678e+02 1.267339776931029149e+01
2.370364111338054158e+02 1.088245653706795224e+02
2.578563440059716640e+02 -2.227112116685457277e+00
1.023473778446745008e+01 5.588220560457579467e+01
1.563594285967656674e+02 8.610860364796002031e+00
2.627155887458823713e+01 2.384778140791415169e+01
2.767817629588254817e+02 1.919097647169778398e+01
2.634519169744324358e+02 1.743196595460611675e+01
2.644314930612636658e+02 5.048587495395395308e+01
2.370359887923478368e+02 2.247010206133550181e+00
2.669938453156240712e+02 2.146906994246841904e+01
2.488481568916290882e+02 3.030209410080231081e+01
2.603584893309972585e+02 2.985317114309858244e+00
1.223404799973575479e+02 6.280820568219963462e+01
1.852988970192166960e+02 6.870139564330309589e+00
1.867448054477408164e+02 2.270660872054583024e+01
2.783598690020940580e+02 3.474208277155779179e+00
2.721448298494201481e+02 8.524699289385056389e+00
2.585209784714609782e+02 4.442022385306770182e+00
2.529340249899739774e+02 5.523863334625400690e+00
2.606111046262265631e+02 8.419758295672227888e+00
2.033710517859418303e+02 1.012927283464035355e+02
2.792871800778649458e+02 1.706881334589267851e+01
2.694214061184218281e+02 2.148240298159997153e+01
1.269357281030136591e+02 9.260645276716381602e+01
1.611439432402809047e+01 3.165008702504305305e+01
1.479572102764237584e+01 6.087196815953563345e+01
8.440759483092730875e+01 4.011460130916950817e+01
2.545751005815831149e+02 1.846152151208446668e+01
1.792694508338948935e+02 3.458332199110331828e+01
2.570472167006786322e+02 -2.473298536415987403e+00
4.123166434188843432e+00 4.571202104891702334e+01
2.149805199630402441e+01 3.832022484854124400e+01
2.526761976345416372e+02 -5.754387826417468155e+00
8.575468472998062808e+00 3.138096891482581086e+01
1.445414484931944799e+02 8.396573922420472513e+01
2.007330905566352897e+02 2.492427303246956782e+01
2.395186054382425880e+02 6.338455444690877272e+01
2.602231054775008943e+02 1.618516037785994399e+01
2.512760407543224801e+02 5.641256685501537049e+01
2.513425132791199985e+02 2.026546738076327792e+00
2.486085195534451486e+02 1.254906681856802351e+02
1.827034974447008437e+02 3.559545692591252219e+01
2.751321793861591232e+02 3.823558071497034661e+01
1.581997050618501248e+02 1.558550646477555013e+01
2.610322344322310073e+02 1.169467965448244939e+01
2.608059180919486266e+02 6.470970226796349145e+00
2.441103736538304076e+02 1.066172130070866864e+01
1.360267051776199665e+01 3.864178152340339523e+01
6.081988401912510334e+00 3.105338717823696726e+01
2.614035526436663304e+02 1.995498500363540728e+01
2.067475567727906949e+01 4.083276349365576863e+01
2.233751614485107382e+02 1.738653215890464665e+01
2.047283905877032950e+01 5.129572152127352069e+01
1.477964686659724123e+02 2.726921674585964439e+01
8.424004318579518369e+00 3.806823451840676142e+01
3.881594473609746387e+01 4.418381910170344185e+01
1.962929569086051274e+01 4.764824911757114023e+01
2.689217631665945305e+02 5.983209841887856761e+00
2.590077706099013426e+02 4.154903723383511505e+01
2.707715406247897363e+02 4.248040913622339154e+00
1.597410633387227676e+02 2.081350541454343528e+01
2.773498113186915361e+02 4.122193756697374312e+01
2.596750791666559621e+02 1.438784357200121544e+00
2.019258824808062514e+01 5.758218232554919069e+01
2.097193744196245859e+02 1.484170458971098050e+01
2.428248357022618222e+02 2.805768204709729119e+01
2.441506629007812705e+02 2.031971024350742994e+01
2.563141029723575457e+02 -6.360260346531451114e-01
2.658178644991794499e+02 2.564967203953921526e+01
2.150834383062752764e+01 5.138025232853995306e+01
2.689222265798727562e+02 2.381327330657981189e+00
3.266044823283696985e+01 3.818379029486102638e+01
1.490750671632919655e+01 3.181010882817380647e+01
3.256800205057258069e+01 5.093293121220172992e+01
2.629988876777742348e+02 2.352373586337979816e+01
2.237127505953342279e+02 5.271750529353975168e+01
4.136963063168048649e+01 5.616096093448658166e+01
