4.688311377512576059e+06
4.654659974066074938e+06
4.655347985933102667e+06
4.655111088029440492e+06
4.654557800969237462e+06
4.654970331128934398e+06
4.654804804200014099e+06
4.654698881059282459e+06
4.654838729423149489e+06
4.654870587832118385e+06
4.654995536101226695e+06
4.654587718485343270e+06
4.654915667644716799e+06
4.654928619038853794e+06
4.653587372581749223e+06
4.654221127942465246e+06
4.654382938515248708e+06
4.654478102148022503e+06
4.654058021923281252e+06
4.654226130617546849e+06
4.653696342020747252e+06
4.654289501187300310e+06
4.652933480081944726e+06
4.653664433045767248e+06
4.653166320753338747e+06
4.653364331640461460e+06
4.652297484898684546e+06
4.652890738142540678e+06
4.652683511365446262e+06
4.652580352672445588e+06
4.651661170755539089e+06
4.651491206631699577e+06
4.651959264435025863e+06
4.651304443079505116e+06
4.650819617778196931e+06
4.651093918596213683e+06
4.650763923422644846e+06
4.651174250223245472e+06
4.651299398465068080e+06
4.650935386307969689e+06
4.650437301914838143e+06
4.649427984826559201e+06
4.649227901142149232e+06
4.648677959626517259e+06
4.648593902170089073e+06
4.648153717147118412e+06
4.648748716014279984e+06
4.648498674429874867e+06
4.647707702175097540e+06
4.647153836657097563e+06
4.646931764599890448e+06
4.647026736842813902e+06
4.646515707432929426e+06
4.646569767172737047e+06
4.646377747657147236e+06
4.646929761832284741e+06
4.647108639980225824e+06
4.646485617066976614e+06
4.646263616000505164e+06
4.646332646299457178e+06
4.646278558268683963e+06
4.646319581226924434e+06
4.646125547153389081e+06
4.646168447891319171e+06
4.646724369058988988e+06
4.646974371077443473e+06
4.647017375381119549e+06
4.647502324622987770e+06
4.647101282407082617e+06
4.647267282676026225e+06
4.647237268919021823e+06
4.646877383994772099e+06
4.646362371420952491e+06
4.645974392220973037e+06
4.646306386139238253e+06
4.646155351140085608e+06
4.646194434073836543e+06
4.646084475136584602e+06
4.646237438960299827e+06
4.646084452777903527e+06
4.645804530572516844e+06
4.645793535089346580e+06
4.645681519139279611e+06
4.645819491563802585e+06
4.645711402477712370e+06
4.645877380084554665e+06
4.645933376648580655e+06
4.645864391298505478e+06
4.645933439014660195e+06
4.645668364519900642e+06
4.645696335606261156e+06
4.645599417349779978e+06
4.645668358616467565e+06
4.645681367686414160e+06
4.645612374716266990e+06
4.645612375160764903e+06
4.645612371792849153e+06
4.645694361987382174e+06
4.645612317802063189e+06
4.645737372394926846e+06
4.645709375701639801e+06
4.645696331018868834e+06
4.645806362820059992e+06
4.645737431659733877e+06
4.645752358652940951e+06
4.645586319892918691e+06
4.645737394230764359e+06
4.645681411316423677e+06
4.645722388110165484e+06
4.645584342536299489e+06
4.645459427024582401e+06
4.645569418561063707e+06
4.645459411520458758e+06
4.645487423557871953e+06
4.645487407058426179e+06
4.645474384016395546e+06
4.645474389294050634e+06
4.645474373509360477e+06
4.645459374783142470e+06
4.645513391036797315e+06
4.645612378752958030e+06
4.645597385003903881e+06
4.645530366611748934e+06
4.645737405641783029e+06
4.645530407480490394e+06
4.645612355002464727e+06
4.645530342221097089e+06
4.645502328172788955e+06
4.645653372929264791e+06
4.645653371999295428e+06
4.645444362113076262e+06
4.645541344771333039e+06
4.645513385333860293e+06
4.645431368103446439e+06
4.645487363491728902e+06
4.645459364321989939e+06
4.645795323651911691e+06
4.646663209789479151e+06
4.648259027689220384e+06
4.648553956872346811e+06
4.648763004578495398e+06
4.648469963156409562e+06
4.648189970545955002e+06
4.647684092642536387e+06
4.647154161557070911e+06
4.646930183857706375e+06
4.646689200414324179e+06
4.645907323142606765e+06
4.645780349666510709e+06
4.645780336019983515e+06
4.645599382549771108e+06
4.645459392794729210e+06
4.645610398063713685e+06
4.645582400771196000e+06
4.645599344969835132e+06
4.645586368400112726e+06
4.645711334546139464e+06
4.645892316088569351e+06
4.646090230884457007e+06
4.646523251611634158e+06
4.646551231845791452e+06
4.647208092357879505e+06
4.647335117326437496e+06
4.647111189046322368e+06
4.647167142180690542e+06
4.647447091655438766e+06
4.647531086250609718e+06
4.647617020767254755e+06
4.647477044907637872e+06
4.647029103333467618e+06
4.646497180361731909e+06
4.646370185783496127e+06
4.645993229227280244e+06
4.645741327779977582e+06
4.645558294866999611e+06
4.645556369662558660e+06
4.645474310904497281e+06
4.645517324710187502e+06
4.645530301180583425e+06
4.645515377534565516e+06
4.645433365921826102e+06
4.645418413577495143e+06
4.645405362456231378e+06
4.645543348138887435e+06
4.645390397732754238e+06
4.645668351800686680e+06
4.645584355641074479e+06
4.645459367177056149e+06
4.645431386282870546e+06
4.645431328436838463e+06
4.645444347579892725e+06
4.645513355851865374e+06
4.645444344619620591e+06
4.645416341937247664e+06
4.645334334235087968e+06
4.645291339171402156e+06
4.645319380376184359e+06
4.645319388973862864e+06
4.645209387714110315e+06
4.645278401031645946e+06
4.645237362449605018e+06
4.645265357355613261e+06
4.645209385797146708e+06
4.645181422153697349e+06
4.645140403088860214e+06
4.645334403263754211e+06
4.645444401284586638e+06
4.645403426200296730e+06
4.645472403617475182e+06
4.645444377351894975e+06
4.645444397506861016e+06
4.645403380014165305e+06
4.645444371336503886e+06
4.645362374757267535e+06
4.645293360546776094e+06
4.645293371886267327e+06
4.645265320020613261e+06
4.645209391739984974e+06
4.645306351215866394e+06
4.645265317785138264e+06
4.645196349984392524e+06
4.645224352022160776e+06
4.645224400844221935e+06
4.645306438834929839e+06
4.645237449531975202e+06
4.645209405997513793e+06
4.645168403969150968e+06
4.645362422342341393e+06
4.645444399117734283e+06
4.645416404399096966e+06
4.645334375916016288e+06
4.645362360895556398e+06
4.645362365250011906e+06
4.645362359274388291e+06
4.645321353405009024e+06
4.645334342599774711e+06
4.645209369357472286e+06
4.645237314373469912e+06
4.645278343849726953e+06
4.645237333610107191e+06
4.645265318038651720e+06
4.645222361569492146e+06
4.645278348564994521e+06
4.645250344429477118e+06
4.645222334513393231e+06
4.645181294891384430e+06
4.645334318201741204e+06
4.645349282143519260e+06
4.645390328268360347e+06
4.645349338857972063e+06
4.645377324791779742e+06
4.645390306841295213e+06
4.645321349845798686e+06
4.645403383328718133e+06
4.645403388618752360e+06
4.645403353993521072e+06
4.645291421739932150e+06
4.645209408613358624e+06
4.645319412690346129e+06
4.645250411796513014e+06
4.645278427160104737e+06
4.645250413717449643e+06
4.645237410787271336e+06
4.645278383828363381e+06
4.645306340104681440e+06
4.645306336682402529e+06
4.645237339296446182e+06
4.645237320113399997e+06
4.645278355105930939e+06
4.645250338177932426e+06
4.645431318079185672e+06
4.645403292779915035e+06
4.645334269192123786e+06
4.645362332572244108e+06
4.645349309117824771e+06
4.645222351935752667e+06
4.645237330491701141e+06
4.645209399038901553e+06
4.645250377530169673e+06
4.645319374455227517e+06
4.645250346771244891e+06
4.645181349802101031e+06
4.645360437042661011e+06
4.645209374875269830e+06
4.645209406363430433e+06
4.645209418558166362e+06
4.645250403853120282e+06
4.645181419973913580e+06
4.645250422259187326e+06
4.645250411842812784e+06
4.645181443269966170e+06
4.645265363090230152e+06
4.645209336495772004e+06
4.645306377173162065e+06
4.645237350214026868e+06
4.645265331047968008e+06
4.645278358288596384e+06
4.645278326217778027e+06
4.645278350791005418e+06
4.645319335483120754e+06
4.645319334987415001e+06
4.645222367621408775e+06
4.645278333033519797e+06
4.645265323577568866e+06
4.645347370248255320e+06
4.645209371519072913e+06
4.645237359036035836e+06
4.645209360758922063e+06
4.645209366408831440e+06
4.645209367802849039e+06
4.645237370355430990e+06
4.645250353717484511e+06
4.645291348939287476e+06
4.645209367575825192e+06
4.645140371251805685e+06
4.645209335889073089e+06
4.645168356609659269e+06
4.645306367382215336e+06
4.645265345171826892e+06
4.645278370854591951e+06
4.645181330091522075e+06
4.645250336903521791e+06
4.645237323879395612e+06
4.645319303097790107e+06
4.645222364576487802e+06
4.645278353252703324e+06
4.645250331383550540e+06
4.645265329550808296e+06
4.645237334116080776e+06
4.645237298745732754e+06
4.645209326569479890e+06
4.645250377477401868e+06
4.645250346973237582e+06
4.645291346032584086e+06
4.645222352455363609e+06
4.645291338818788528e+06
4.645319381853119470e+06
4.645360351901249029e+06
4.645209363863077946e+06
4.645181370273410343e+06
4.645278306798807345e+06
4.645319339767146856e+06
4.645237329355481081e+06
4.645265347761009820e+06
4.645291399522031657e+06
4.645291387025094591e+06
4.645306414456796832e+06
4.645291417892789468e+06
4.645319436475460418e+06
4.645237332808387466e+06
4.645265338212057017e+06
4.645237374734836631e+06
4.645250359800918959e+06
4.645140343555863947e+06
4.645306360290813260e+06
4.645209349386605434e+06
4.645278371629858389e+06
4.645209374433467165e+06
4.645250372382547706e+06
4.645278355205860920e+06
4.645347341750659049e+06
4.645265335944173858e+06
4.645291338438183069e+06
4.645291338258363307e+06
4.645360361169689335e+06
4.645347329847530462e+06
4.645347337793838233e+06
4.645278376599047333e+06
4.645209335981306620e+06
4.645181385766827501e+06
4.645319350643797778e+06
4.645250345093367621e+06
4.645181367413852364e+06
4.645181366917167790e+06
4.645250349859034643e+06
4.645278370097177103e+06
4.645237332822042517e+06
4.645237348111822270e+06
4.645306353255677037e+06
4.645265327315316536e+06
4.645265346686569974e+06
4.645334352030179463e+06
4.645334345204868354e+06
4.645237353867295198e+06
4.645278360812652856e+06
4.645306335139437579e+06
4.645319349206076935e+06
4.645237357094380073e+06
4.645237354603734799e+06
4.645237365274501964e+06
4.645306354112679139e+06
4.645293332541620359e+06
4.645293318489664234e+06
4.645237342583367601e+06
4.645278356761192903e+06
4.645334348611193709e+06
4.645319345004281029e+06
4.645347338224575855e+06
4.645347329851238988e+06
4.645209347377007827e+06
4.645250366008621641e+06
4.645291344443205744e+06
4.645250377876050770e+06
4.645250381417255849e+06
4.645250380086476915e+06
4.645250332491422072e+06
4.645250365009194240e+06
4.645319348748444580e+06
4.645209345202144235e+06
4.645347350411933847e+06
4.645306336492386647e+06
4.645334349014004692e+06
4.645306334117809311e+06
4.645334341879377142e+06
4.645209388925898820e+06
4.645278342491688207e+06
4.645347340206100605e+06
4.645306346182197332e+06
4.645306362863403745e+06
4.645278331821227446e+06
4.645209362163770013e+06
4.645306356912194751e+06
4.645237334521880373e+06
4.645237360143643804e+06
4.645278349262844771e+06
4.645278344255282544e+06
4.645237389538265765e+06
4.645237338858909905e+06
4.645278359818166122e+06
4.645291379221756011e+06
4.645222374515717849e+06
4.645222373459012248e+06
4.645306366169208661e+06
4.645319363793606870e+06
4.645278354412620887e+06
4.645265321521755308e+06
4.645306369702356867e+06
4.645306366871064529e+06
4.645306377797573805e+06
4.645306359682951123e+06
4.645278329565286636e+06
4.645306337229683064e+06
4.645278343723670579e+06
4.645181359291306697e+06
4.645209395116133615e+06
4.645237331849640235e+06
4.645306352938412689e+06
4.645278355552700348e+06
4.645278323724433780e+06
4.645291332554251887e+06
4.645347300727897324e+06
4.645278310035914183e+06
4.645237311102371663e+06
4.645250360721265897e+06
4.645278369300601073e+06
4.645306353935436346e+06
4.645209321025171317e+06
4.645140318471372128e+06
4.645278405350265093e+06
4.645291362087190151e+06
4.645222366609035991e+06
4.645291374915509485e+06
4.645291377014831640e+06
4.645140385077165440e+06
4.645209391547006555e+06
4.645278350078049116e+06
4.645250377160893753e+06
4.645278346068642102e+06
4.645250317777608521e+06
4.645209395240854472e+06
4.645250312327438965e+06
4.645265314257030375e+06
4.645237320702177472e+06
4.645237333912972361e+06
4.645181369755841792e+06
4.645278360199511983e+06
4.645209350214843638e+06
4.645209346045718528e+06
4.645278354296689853e+06
4.645237339458121918e+06
4.645237367565360852e+06
4.645334354928171262e+06
4.645237356605219655e+06
4.645237333598203957e+06
4.645306335512215272e+06
4.645168336883111857e+06
4.645319403746057302e+06
4.645209378251346759e+06
4.645209342429522425e+06
4.645250398832825013e+06
4.645140357819220051e+06
4.645291384735587984e+06
4.645250377951563336e+06
4.645319385619580746e+06
4.645168307409672998e+06
4.645306370182080194e+06
4.645237341087611392e+06
4.645196310352558270e+06
4.645250338760573417e+06
4.645293314847938716e+06
