2.775105943319593962e+02 2.122633387568045649e+01
1.214923210069848736e+01 3.042528085849950514e+01
2.410381930569345954e+01 5.089336779416930057e+01
2.710983080402395444e+02 1.314395541418232405e+01
2.453228032415310622e+01 3.226092300471555596e+00
2.625835262921235653e+02 9.827198560793176441e+00
2.687324289212472763e+02 1.156901899871440698e+01
2.233658130486532301e+01 2.936540567544699698e+01
1.408172862209131182e+01 2.769594972575792724e+01
2.030240995583058918e+02 1.347067003997232248e+01
1.890915532385816178e+01 6.598364985452748499e+01
2.624321377788025416e+02 4.244990960460148344e+00
2.601533062390540749e+02 1.423402597311273610e+01
2.789293277133619426e+02 2.360829469380003687e+01
2.699330954164576610e+02 8.917277264593282737e+00
2.649085423044520553e+02 6.173084812774049190e+00
2.560842402435001190e+02 1.305108468207238559e+01
1.976869647672473889e+02 2.918720400249131686e+01
3.143147242459634327e+01 5.231617711010956384e+01
2.222508748684629438e+02 1.087148462149700663e+02
1.869525771552016522e+02 3.357148090921503325e+01
2.011213705140322077e+02 9.468220364046872817e+01
1.257379113604288712e+01 6.145045640650068464e+01
2.676856919393440535e+02 0.000000000000000000e+00
2.543819509487431674e+02 1.058474894375414088e+01
2.439800347292742231e+02 8.660099269752691953e+01
2.537914072906222316e+02 2.087559499074283309e+01
2.417430955795855141e+02 1.017885307646404769e+01
2.408118530617819602e+02 5.114114483874537598e+01
2.132631855147513988e+01 4.193537574992238603e+01
2.573939125674877459e+02 6.302781700374122664e+01
2.545879552549738492e+02 6.423596041250674205e+01
2.756908117306435884e+02 6.179996356179039196e+00
2.619497308276474996e+02 4.224983946575186167e+01
2.321563917432783626e+02 5.080796636600889826e+01
1.407622957172478628e+01 6.196439075213872627e+01
2.700035845111314643e+02 1.374357852805752422e+01
2.461228611828731800e+02 6.066576433660230094e+01
2.618155009548088401e+02 1.158441885287178685e+01
2.576503181696726301e+02 2.488082189108272502e+00
2.696739105229490860e+02 9.871510807985176328e+00
2.529377809593446784e+02 4.969134523695607442e+01
2.546891886137451309e+02 8.910037716393883755e+00
2.624709016165086268e+02 7.505398130813389024e+00
4.175326397695124570e+01 4.801135819091729928e+01
2.717755445989373015e+02 0.000000000000000000e+00
1.659032213193357279e+02 2.963474041904760981e+01
2.497938259373167114e+02 4.318215455023938176e+01
2.611181270706760529e+02 1.537382428387534539e+01
1.501309726702474556e+01 4.255999115830272217e+01
2.454492016375208721e+02 1.392562950807115563e+01
2.749754828162940044e+02 1.365052980643774561e+01
2.683279338391914735e+02 1.601954356607484797e+01
1.172621803869551016e+01 4.474264725434940715e+01
2.589723408229114625e+02 1.700076359112822999e+01
0.000000000000000000e+00 5.415835307060473980e+01
2.725767413280601090e+02 2.786010861796587079e+01
2.345293967098205883e+02 4.075586916693045936e+01
1.964282833273961444e+02 2.806921568147411605e+01
2.538227847493840272e+02 4.314459854838399444e+00
2.734174004641959641e+02 1.349569636311200327e+01
2.465041564879467160e+02 1.273023348827615386e+01
2.622404198296619029e+02 1.215991435966801371e+00
2.676107967399336189e+02 1.528101793489379290e+01
1.739800062782594239e+02 1.805389623071162220e+01
2.509059472326804894e+02 2.470285664411885129e+00
1.963500711874289948e+02 2.136790085277263174e+01
2.744211220464016492e+02 1.762081702081599843e+01
2.635554936155201631e+02 1.428480264284575263e+01
2.679969882188265728e+02 2.157345425511633508e+01
2.659418806467692775e+02 1.204277648956344748e+01
1.828652183154257216e+01 1.196400955286474925e+02
2.501122487259410434e+02 4.438573263247091560e+00
1.941696335189975855e+02 6.680618387728876062e-01
1.965162442660835609e+02 1.314449270876966835e+01
1.684121859832730195e+01 6.499762184931289255e+01
2.558152533263038322e+02 1.191637468348926276e+01
2.476777127927135211e+02 9.561669677621129182e+00
9.838531279134133456e+01 5.119959105571122393e+01
2.708734296912383002e+02 6.991582527849334205e+00
1.770506262696601141e+01 3.905173944412401710e+01
2.525594091850308871e+02 7.699253807275187045e-01
1.284567785695858078e+01 5.939612935746472289e+01
2.643171033945486670e+02 1.219980336328620396e+01
2.534744471425273673e+02 4.198847847316955928e+00
2.510372147125652873e+02 4.947679659594469825e+01
1.791994018676492928e+01 1.154845925483087115e+02
1.957879685504124723e+02 3.198322890800910301e+01
2.456612311424014194e+02 3.074172634481711519e+00
2.751434615379080810e+02 3.004231713251924774e+01
1.072535735803686663e+02 4.428908582987086362e+01
1.998698096486540408e+02 2.868597503842583407e+01
2.469401199052806817e+02 5.825848268389722051e+01
2.755416448148577615e+02 1.899274765171524137e+01
1.368363993665810199e+02 1.065623874238355029e+02
2.802143296479720220e+02 4.570586321887393666e+00
2.814521180703392247e+02 3.558897185319384704e+01
2.586911196884928472e+02 2.098623666994141601e+01
2.656169028694311578e+02 1.455563830462595831e+01
2.805889983964960948e+02 3.060747880019276224e+01
1.660769371335400137e+02 5.692953992816689457e+00
2.698554895290574791e+02 0.000000000000000000e+00
2.345329054098227175e+02 2.497452114507420617e+01
2.854597834917851173e+02 2.046792191402280991e+01
2.649131777500454064e+02 2.832822382012826212e-01
1.796710503496660465e+02 3.732883202987067328e+00
2.781359307049943936e+02 2.989519445502058392e+00
2.613843832072994360e+02 1.429259391607796026e+01
1.844416970841262469e+02 1.014089949143877902e+02
2.590650279207726498e+02 1.645304246412770866e+01
2.148560500779809104e+02 1.048476110731613034e+02
2.270074826233344822e+01 3.886298889995849493e+01
2.549804698760071346e+02 5.007753783795828362e+00
1.317208706568095167e+01 3.442871305453709851e+01
2.657117597860778915e+02 2.210487615291536656e+01
2.815820160472589464e+02 1.509725259209554693e+01
2.602410813245603549e+02 1.124689430847620564e+01
3.092897143120626779e+01 1.002677712846919746e+02
1.144961514103624900e+01 2.810470237263999493e+01
2.616452378169883559e+02 0.000000000000000000e+00
2.567590576910592404e+02 5.189445324530222337e+01
9.459448651339398850e+01 4.209180011322860793e+01
2.489337003281841589e+02 2.100473053869738749e+01
1.679020385267721949e+01 6.364916953035164937e+01
2.511731502348097820e+02 4.608760565180634927e+01
1.230595229929114431e+01 5.915130119964128852e+01
2.119532332218802395e+01 3.172796758698057218e+01
2.717594643253789854e+02 2.160501714958565955e+01
2.706182008807529655e+02 1.328189845479202269e+01
2.570158994566037904e+02 2.582929481365509261e+00
1.983824561215517974e+02 1.992957406128626374e+01
1.123652337261418133e+01 3.458283698195685929e+01
1.224758739126129470e+01 2.311869696141940267e+01
1.534447177183314182e+01 6.420912578007309435e+01
2.491870639645229630e+02 5.167554211908971951e+01
2.778872032429169394e+02 2.223154871047109893e+01
2.664605925124681107e+02 0.000000000000000000e+00
1.853250253176728179e+01 5.387247471763477336e+01
2.616796480437411105e+02 2.370139731032590902e+01
2.662352426149149096e+02 2.862188446596676528e+01
2.032562819286563922e+02 3.326957515307472590e+01
2.737971703093730298e+02 7.379837534031883806e+00
2.840068583172063654e+02 3.268953103781635861e+01
4.255364109904893155e+01 3.777010525687889952e+01
2.364129182018934898e+02 4.805874510732576255e+01
2.487308590016262997e+02 5.655001736881050789e+01
2.573785495072754088e+02 2.642177374760986908e+00
2.658920626781882675e+02 2.575408417696319674e+01
2.261401414027249857e+01 1.316561394717890039e+02
2.655942637060309153e+02 1.885036753980217128e+01
1.334398137184300914e+01 5.276404348039153547e+01
1.893593473385622872e+01 5.391107963357346478e+01
2.732475864706774473e+02 2.767871422755040101e+01
1.984979848442447974e+02 2.740843105383112643e+01
4.790531698583753162e+00 4.612729496241774285e+01
2.534070006550113021e+02 0.000000000000000000e+00
2.722973509404538959e+02 1.537682012902440754e+01
2.510303063675231172e+01 4.184678714867494875e+01
2.685934189037544115e+02 1.060035637928116081e+01
1.055461866529429038e+01 5.101862349242410488e+01
2.866770938032258300e+02 3.112287913304202647e+01
2.499523383315327294e+02 1.277538665205843671e+01
2.792793804707412733e+02 4.858689440967411066e+00
2.604172510493763752e+02 1.136329300224907541e+02
2.364901455595109425e+01 1.134563792808005473e+02
2.586167990288394094e+02 2.208444820681716436e+01
2.546158206255125265e+02 9.826110848840188261e-01
2.782209274118181952e+01 4.728504073232534211e+01
2.641942571259062902e+02 2.020302471899093177e+01
1.596103766353599163e+01 3.306113035024160496e+01
2.662619972701413076e+02 8.635612918268295246e+00
1.454734638864097462e+02 2.874238551774905659e+01
2.682822836660554344e+02 2.445630748754138040e+01
1.462409143800531410e+02 8.719913482990095588e+01
2.164380360956856748e+02 4.259709642087152304e+01
2.379496094493716640e+01 4.389738352471539429e+01
1.884764613572235703e+02 3.205588373046253992e+01
1.829328490383963697e+02 6.265690009041287922e+00
1.502317432849504542e+02 7.707241814989115980e+00
1.994730669848046887e+02 3.645708063601909288e+01
2.593783238492981695e+02 1.046409492241325268e+01
2.214873988032941838e+02 1.128630302373341436e+02
2.576273613328570491e+02 5.169584074705220189e+00
2.695556777707773222e+02 2.464350187755282917e+01
2.394822449708457839e+02 6.074817266744775957e+00
2.756165664636042152e+02 7.894315445018549759e+00
1.893947816304870457e+02 2.662934629988563628e+01
2.123176809232808750e+02 9.290939378561256490e+01
2.599537599926799203e+02 1.592946954241347512e+01
2.663879624669182249e+02 2.327026941590067821e+01
2.627316366255375613e+01 3.620277063207522872e+01
2.337786141848617660e+01 4.241278937324997855e+01
2.639644967556542383e+02 2.375547814466050234e+00
1.237868869765175646e+02 9.799085080806177928e+01
2.604868897720517680e+02 9.719968742596885036e+00
1.326646266715185902e+02 1.025898579328422500e+02
2.425383819106471890e+02 5.229342416691807216e+01
2.539474740379271793e+02 1.530336032136579583e+01
2.661062317172385860e+02 9.965053096796188115e+00
2.676136322024382252e+02 6.028856085353898386e+00
2.754287905622167045e+02 3.041706817834460708e+01
2.685396601590616683e+02 7.068137476150794463e+00
8.407777321426164008e+01 4.343185094124419976e+01
2.620098330738022128e+02 9.305946632667511764e+00
2.634850856677323350e+01 3.622659813205059010e+01
2.635747119946634598e+02 9.701077908778712455e+00
2.102088604821346962e+01 5.352600759276705844e+01
1.767853240546885729e+02 4.063735449163520030e+00
1.929242524265185210e+01 3.514361660211021388e+01
3.116995654703992358e+01 4.501962319346721841e+01
2.555598434800216125e+02 2.511703734597485305e+00
6.441016748080769183e+00 4.576226667288928951e+01
2.725273567528265062e+02 1.726437415225079164e+01
2.794914758747596579e+02 4.317353470061522813e+00
2.729512078191756927e+02 2.447575811811748991e+01
2.074711649998874918e+01 3.611998183502704762e+01
2.658447414900143713e+02 4.627455288341522088e-01
2.499367552644874593e+02 5.742021384520674587e+01
2.162906044410319950e+01 3.148895528232375796e+01
2.174497361113225509e+02 4.329200770094323758e+01
2.170699258553661650e+02 5.110374421638365305e+01
2.256046436147947176e+01 3.865580854988479587e+01
2.609056254629355749e+02 1.043159758838199203e+01
2.520482734567741261e+02 4.807311864407056845e+01
1.907777335444426114e+02 3.055239591889585427e+01
2.676836960062509547e+02 5.505034461294242121e+00
2.717696348465148617e+02 1.421320140756457207e+01
3.919438903462382484e+01 5.131735161108319687e+01
2.141498660397743379e+02 2.129006461381833049e+01
1.015530547615226808e+01 2.891787351091294767e+01
2.428804792880226842e+02 1.833315313347485898e+01
2.710759506590362662e+02 1.644065960330629395e+01
3.663578576195831715e+01 3.482524834818320869e+01
2.469468500625920058e+02 5.322312840020817504e+01
1.973209190445607817e+02 2.168716402348196937e+01
1.603060268543142683e+02 2.615965772501791875e+01
2.173474078714810886e+01 5.121043998688640642e+01
2.812636050267076371e+02 1.614746969828096468e+01
2.585070393223431324e+02 1.672181357157371195e+01
2.471943585530069356e+02 7.862622059377235573e+00
2.787680973184506072e+01 4.074421634184230356e+01
2.591698442324049552e+02 1.095623574840882597e+01
2.523469798035630447e+02 1.032973180364989041e+01
5.999892127943967424e+00 5.443892303472678407e+01
2.132074646085638392e+01 2.898516042498967593e+01
2.778351670220617393e+02 2.897521498977843635e+01
1.827289417554611646e+02 2.667681208708440010e+01
2.466913834375948795e+02 5.530989303455129402e+01
2.290535112822453456e+01 6.557700643478278835e+01
2.571895648808944657e+02 1.157772577690695037e+01
2.649482591812944179e+02 6.106839903741303033e+00
2.627504780441303183e+02 1.394024333127024384e+01
2.578335384459969646e+02 1.068238289794761329e+02
2.807788713278333148e+02 1.859982115735551034e+01
1.484484768373043551e+02 0.000000000000000000e+00
1.679894744250741780e+02 1.753455859003637940e+01
2.413684355223596185e+02 4.832064931099746019e+01
2.678310680394061478e+02 1.088586333240601789e+01
2.109482301223681944e+01 2.466902585079372656e+01
2.380528437898471736e+02 5.743884034670828242e+01
2.701616773816424910e+01 3.561242325522631091e+01
2.540618834639805925e+02 6.677597331782686219e+00
1.240530171962446673e+02 1.739138445458752713e+01
2.676977293078804365e+01 1.134613019593923511e+01
2.555242482530829022e+02 4.699834230569571503e+01
1.401003815489313240e+02 2.360747418267906905e+00
1.641773738544448591e+01 5.560694660759173757e+01
2.356251992895936667e+02 4.731489824612589246e+01
2.609791423701416875e+02 2.367258105365959153e+01
3.697412038521499511e+01 4.248876102678097766e+01
2.178636678521818624e+02 4.741754401006482311e+01
1.877306673233197216e+02 3.859804131677500294e+01
2.651306591281887677e+02 2.428636376024364552e+01
2.774495372774417774e+02 3.294934224146268065e+01
2.735586377343892650e+02 1.607133887733364475e+01
1.945536176201844398e+02 4.093085595226122564e+01
2.769175717833781505e+02 3.414651739524060758e+01
2.070395348378921483e+02 9.322207666914458457e+01
1.986427333879267820e+01 5.427248830749968533e+01
1.659277437400801603e+01 3.895267082309598550e+01
1.628651618272114661e+02 1.395615705853557742e+01
2.176843856554525303e+01 6.668353924621953865e+01
2.364082100690057473e+02 5.366305301814942652e+01
1.798286393970716972e+02 2.836823835398159943e+01
2.830979721913411140e+02 1.780687950642743900e+01
2.373844039969745978e+01 5.517961155036828558e+01
2.607486611814199478e+02 5.396840466446732165e+01
2.668379439375645461e+02 2.600404785335418367e+01
2.629047931202336486e+02 1.044909723057068618e+01
2.532786896674306547e+02 8.128321602200490048e+00
2.048458536999592638e+01 3.014015377959188768e+01
2.772090264153073917e+02 1.596953130963673573e+01
2.543682304982405356e+02 3.369225347209108890e+01
1.775740574864277477e+01 3.434563764869709246e+01
2.777970391428773951e+02 2.116921514569742868e+01
1.297425883592592832e+01 3.682109305789087017e+01
2.299232090621667908e+02 5.396843143229702378e+01
2.598456244260203221e+02 1.375791913517980980e+01
2.503244569730635760e+02 8.672577954344074413e+00
2.672725322016135010e+02 1.196247338940210803e+01
2.811378526962530486e+02 2.926042063989019226e+01
1.480402549132188206e+01 3.045489690703945485e+01
2.760648590329876129e+02 1.008416632195291562e+01
2.785152058254332132e+02 3.116487964263489019e+01
2.647988797568236237e+02 1.508802199594110860e+01
2.118981105342296445e+01 3.567445116339148825e+01
1.957326679046367417e+02 4.406083195469430791e+01
1.514867019452226948e+01 4.307650024824888391e+01
2.340577713638273849e+02 5.072306903078467144e+01
1.607929015188111777e+01 3.544123622354802450e+01
3.792995191855150772e+00 4.376060987504432376e+01
2.583863260726586191e+02 9.192632310389726058e+00
2.518571935249496221e+02 1.730128748707216246e+01
1.107341696605953274e+02 1.029639578368595068e+02
2.596569604199760875e+02 6.472256129838187988e+00
2.497527983766165391e+02 9.810396207683906411e+00
2.780655257434831995e+00 5.768980248859669757e+01
2.692189881598872603e+02 1.722747318985863529e+01
2.525449279892084462e+02 1.253724658935301939e+01
2.613388416791679560e+02 8.628200515894565825e+00
1.860124632219927321e+02 0.000000000000000000e+00
2.760056979659768217e+02 8.984849274793980101e+00
2.500784842968270141e+02 5.867461140369256256e+00
3.076814108174037798e+01 4.957867706161380994e+01
2.761050257404747299e+02 3.765881283039841065e+01
2.490641063656457561e+02 5.982652374452425370e+00
2.518922290091007312e+02 1.985628497118151259e+01
2.706466112911495543e+02 0.000000000000000000e+00
2.534574739124714426e+02 5.901287579897675073e+01
1.639214545758871111e+02 2.418062054606552636e+01
1.876968134374395447e+02 2.367217976924155920e+01
2.024710378042665013e+02 9.825453171884429082e+01
1.546071652805240433e+02 1.537788152698524691e+01
2.710098668542235032e+02 1.312497318254526313e+01
1.907070330324261320e+01 5.398001784270446990e+01
3.812674686516917433e+01 6.150875011884397026e+01
2.572640900150300354e+02 1.174021610547730354e+01
2.649663391149780978e+02 8.583508820806009965e+00
2.736244498460188197e+02 2.594965947137196238e+01
2.827043179922438298e+02 1.605808656472640195e+01
2.721246908395843320e+02 7.699992603706827587e+00
5.157598827194725954e-01 3.603869615758166134e+01
1.450819655909130290e+02 8.940843683162478328e+01
1.773016821716467177e+02 1.618369978534085263e+01
2.111534781481282721e+02 1.607505932733107878e-01
2.856909261085540379e+02 1.169883882530833752e+01
1.941488497213439359e+02 2.359178035929203787e+01
2.036164209329073742e+02 9.521154691262172776e+01
1.882805118098135324e+02 2.552486965237563510e+01
2.557840003152147119e+02 4.677297994450756846e+01
2.439569423694697434e+02 4.362194364990813966e+01
2.674223088327282198e+02 8.630260510267918406e+00
1.533843706547793850e+01 2.462958994889610054e+01
2.644855004349873866e+02 2.385616962299819122e+01
1.964750522224983627e+02 2.078942504277842573e+01
1.655208911847390141e+01 4.276488161676756761e+01
2.632116418431309626e+02 1.681604335776544090e+01
2.832346032057992034e+02 1.788058460670679750e+01
1.747219098026314441e+02 1.002008316955458689e+01
2.806489621575741467e+02 3.435725227440566698e+01
2.504842130550502759e+02 4.100052886303806332e+01
4.276831011340949118e+01 2.572286424704612529e+01
2.629030800687854139e+02 2.756353679691557979e+00
2.046608259527432665e+02 9.762590058310314589e+01
2.720246235491979405e+02 1.294691208956722761e+01
2.754671320935572112e+02 2.503319989003032475e+01
1.921636139414577471e+01 4.186285270360779975e+01
2.468220626218792972e+02 4.704130170603721695e+01
1.688783127294512383e+02 3.095639441518254031e+01
2.612377370454551055e+02 7.589238005285225519e+00
4.401507084273821846e+01 3.403338121893752799e+01
2.284817682444503362e+02 4.031661337405499523e+01
2.763035368825724163e+02 1.538623690584205228e+00
2.802107493551720268e+02 2.007972528387569611e+01
2.447623565236147769e+01 4.351237842624904317e+01
1.608191934595064509e+01 2.420016087043879693e+01
2.528782760190924961e+01 3.715990968417477092e+01
2.677824951456721791e+01 6.672297690149237326e+01
9.080632130311865780e+00 4.558675324253577088e+01
2.592932382804479516e+02 1.196031111687685922e+01
2.781694008939557534e+02 1.417145686948044947e+01
2.533990111047464495e+02 4.502317770203379865e+00
2.658412004537637472e+02 2.210526181963739845e+01
2.666352263572986772e+02 2.115271192623978891e+01
2.703568055783312047e+02 1.629357104803145617e+01
2.592096638425371111e+02 1.180271375336003459e+01
2.688809793194350917e+01 2.949286124647953145e+01
2.699177213768739421e+02 1.228474227815788389e+01
2.692752046541809818e+02 1.649154802770757655e+01
2.631294603260973872e+02 8.138676856019925410e+00
2.430674720186166553e+02 3.519568084215152481e+01
2.787233261525341845e+02 3.280688753421005543e+01
2.572116553919479998e+02 8.952229707825660299e+00
2.998212527499774183e+01 5.253549927103516382e+01
2.261021959560253549e+02 0.000000000000000000e+00
1.988786022077277664e+02 4.677006282503253232e+01
1.624017451050078478e+02 1.860186007066405622e+01
2.658926787406213066e+02 6.714697091588517353e+00
2.823067391719877719e+02 2.004867901477988923e+01
2.726813503765382620e+02 3.493355393786789165e+01
2.566348351628156479e+02 4.680113236269433763e+00
2.272035512886431974e+01 8.230536918518122746e+00
2.753783229551266842e+01 4.944459162414987219e+01
2.581516748601883933e+02 3.731818064498190424e+00
2.709246716395894055e+02 1.990781577256203505e+01
2.596643040865137664e+02 2.460700440148715629e+01
2.175096850438879414e+01 4.744375930804029906e+01
2.002253241877947403e+02 3.885126526066828845e+00
2.792762214705417136e+02 2.008747866181577635e+01
2.445280030566923415e+02 4.526965552009326643e+01
2.839183694339166664e+01 3.258769589674109568e+01
2.909731902400184822e+01 3.445695440039025925e+01
2.715621584103593591e+02 8.083507521306561472e+00
1.745877728694680968e+02 1.854820533790958947e+01
2.597911086211551606e+02 1.454877764233096826e+01
1.988267193034124318e+02 9.989940807205090323e+01
1.784532441888780738e+02 2.647549621781675810e+01
2.855440350326256294e+02 2.712727054058099796e+01
4.026587282764386799e+01 4.909346406296817378e+01
2.677847142229020960e+02 1.532297263286299582e+01
2.673052965828198353e+02 1.011573322589980783e+01
2.672724264282087461e+02 2.166610843382401441e+01
2.034815813161593567e+01 1.272001532705885154e+02
2.473735534933912561e+02 1.638191122298472635e+01
1.460641048952373637e+02 2.814697859517637468e+01
1.727036213163130185e+02 3.052062008139642302e+01
2.791617466986551790e+02 7.537495072867830714e+00
2.801543546759540959e+02 2.149825551942790369e+01
2.723349654640919653e+02 1.033290288758137976e+01
2.628761970147434113e+02 2.410654786013736839e+01
2.564061360760796333e+02 1.150662316576031863e+01
2.767007915338792259e+02 8.793283804400472192e+00
1.982129941823870070e+02 2.547012435730107427e+01
2.141653820128891823e+02 1.094124501007375585e+02
3.973707242810095863e+01 5.730855090678229402e+01
1.855996108111282439e+01 4.953087635356007468e+01
1.440869140933660297e+01 3.279575226593026827e+01
2.789276774190789183e+02 1.891830238545357901e+01
2.807880251770662881e+02 1.389644469167822471e+01
2.779020816326400904e+02 7.497977755532870603e+00
2.700672037397133067e+02 1.407092378600055982e+00
2.731451039053926024e+02 1.074385769375015265e+01
2.350239453623918280e+02 6.379368983380197733e+01
2.712360231773172927e+02 1.965630779876833145e+01
2.677731889345738523e+02 6.357376721713210443e+00
2.687221600823671110e+02 2.507957925857692771e+01
4.311583930867074343e+01 3.260089834325898295e+01
2.162823838068304951e+02 3.290633401772072375e+01
3.118480833951345588e+01 3.463195665035275539e+01
2.730343087075899575e+02 9.319067994094732299e+00
2.606681280113395474e+02 9.366501366428549247e+00
2.032303691307971860e+02 9.283106950037696947e+01
2.541267625258131488e+02 1.061846771412229273e+01
3.218967327898690911e+01 7.419948577615750196e+01
2.789852274452177312e+02 1.171511990292237471e+01
2.362600459270815350e+02 4.184769611806103029e+01
2.619838806098750865e+02 5.944857373742089379e+01
2.631080443578611039e+02 1.257877235721282183e+01
2.687830399527974805e+02 1.303945251412624451e+01
1.033323858941287909e+01 5.864538114251351431e+01
1.582478770018755938e+02 1.897894732083848268e+01
1.537944062950704449e+02 1.494747617233550407e+01
9.561253055576539595e+00 5.816825726259570217e+01
2.153481217040706497e+01 2.429567580921142778e+01
1.197161254705625311e+01 5.361256530099723250e+01
1.738657997724426139e+02 2.773430877072079426e+01
2.614614697649125219e+02 4.646697893657712797e+00
2.643305441489901000e+02 9.095662859879515949e+00
2.742507276048013978e+02 2.600325348702630635e+01
2.668566441565478158e+02 1.524664315239184731e+01
2.599095727036241783e+02 8.883490779344913602e-01
2.657924093005229906e+02 4.932911971972800735e+00
4.228313042728067472e+01 5.910266564719201199e+01
2.050741095119438171e+02 1.415412079808959511e+01
1.957109637264512116e+02 1.823441981034048354e+01
1.389495831091817877e+02 6.549450663269095685e+01
2.605778048142189505e+02 2.607159488654302137e+00
2.520007314467626429e+02 1.203843871222355055e+01
1.828424583686323146e+01 5.002112915022971862e+01
2.593394581091024520e+02 8.114019727764256729e+00
2.737049649301272893e+02 2.419083043345776929e+01
2.290723365425491522e+02 3.177560470618814392e+01
1.356788593656697728e+01 4.177038800556648113e+01
2.434004664715654656e+02 6.345202570194413738e+01
2.611006899885325652e+02 5.016941282681752767e+01
2.639774881095169690e+02 1.891272454626348676e+01
2.505386440404585073e+02 3.425036034273454533e+01
1.183791593403069164e+01 5.393947615812687246e+01
4.490317496688930987e+01 5.880659691972505243e+01
2.502500855547120295e+02 5.064439956476871885e+01
2.067008341023831122e+02 3.824355457721712526e+01
2.441198416136966500e+02 2.950876364857466427e+01
2.275206517351356865e+02 6.098586495892993042e+01
2.345729965951038309e+02 5.634205063244337452e+01
2.156569888302253162e+02 3.765786230277368674e+01
9.097483011665840280e+00 4.411347868805506778e+01
2.072225743684301165e+02 1.933327020367631732e+01
2.169112380974181065e+02 2.568747910882519392e+01
2.317282079090322782e+02 2.894399839967055499e+01
2.575066257709161732e+02 1.015535401239738711e+01
2.753476936365399297e+02 1.108340685225422995e+01
2.726527949750030757e+02 6.746702454741477339e+00
2.697205327898876135e+02 1.038664499847639711e+01
2.871569294975827447e+01 4.651433865645363852e+01
2.872624115749993479e+01 3.131901074916422090e+01
2.708181825606019899e+01 6.445451366706163299e+01
2.485451237681594989e+02 5.165977719200252949e+01
2.665206720913710683e+02 2.120539745018056532e+00
2.247146912966991863e+02 4.025942960294558759e+01
2.582290611102631033e+02 7.974842476529055979e+00
1.678489353684949847e+01 4.397490554855934164e+01
2.646105628671568866e+02 2.127070015122750135e+01
2.402530151319049310e+02 5.701502592204258946e+01
2.466417645796937848e+02 4.922149183419231022e+00
1.831427722099831499e+02 3.208199857076384376e+01
1.429394079493537504e+02 4.349041275315993005e+01
2.854646696688668612e+02 7.558136589040482356e+00
1.579594131577656846e+01 3.917305479157650439e+01
2.771637747109299426e+02 3.295198381970358525e+01
2.514353088598649322e+02 4.877128541774501969e+01
2.730066658236680155e+02 1.227150012995959472e+01
2.544785909415723779e+02 2.726488597308901696e+00
1.292034722359809678e+02 8.700697905443084323e+01
2.532894881280419099e+02 1.918787395725991729e+01
1.922827993427625017e+02 4.095908624967216838e+01
2.336867390552884274e+02 1.060280433049560003e+02
2.609855061416986359e+02 1.306418673502021477e+01
2.751982230884548244e+02 2.970843346343305669e+01
2.689535739340205964e+02 2.241758702703771888e+01
2.802905613503994573e+02 8.618324302406309201e+00
2.841847611198130039e+02 1.591913472749488356e+01
1.365414787649074491e+01 2.921311561122436729e+01
0.000000000000000000e+00 3.874802395547317246e+01
2.635714959943790063e+02 4.927245040508047680e+01
2.664714346927848396e+02 6.944818964633183711e+00
2.791198290617667794e+02 1.804404580862295049e+01
2.859000697662937682e+02 1.700293770944160698e+01
2.690082366070456601e+02 1.013473479481599249e+01
